50,560,466,365,353,276,238,267,349,389,160,167,162,244,126,626,383,330,260,212,704,210,200,179,173,696,747,551,517,259,222,252,219,196,191,190,293,331,335
68,370,304,182,445,146,63,60,140,153,58
77,98,118,129,136,675,351,183,484,65
83,119,178,177,348,148,157
86,13,3,9,140,149,153
96,10,6,4,5,561,591,525,410,703,404,303,158,122,126,92,155,166,183
102,53,260,75,61,131,126
106,96,51,122,321,183,223
122,153,146,194,569,118,389,126
139,57,362,178,62,126,164,425
148,416,264,276,238,322,520,480,183,223,171,165,193,296
160,152,557,352,650,347,742,264
182,90,747,152,115,635,397,350,343,331,189,153,158,145
193,183,244,245,228,370,204,192,185,250,700
221,153,704,547,446,641,452,341,489,470,676,416,97,601,560,317,117,518,408,400,267,124,244,674,461,510,632,171,168,527,729,397,559,179,273,328,665
229,604,351,276,281,162,108
234,7,65,163,168,194,574,331,184,183,191,240,252
243,317,333,256,331,389,183,177,452,276,238
245,377,303,364,158,168,347,193,187
249,140,122,372,296,153,146
260,108,95,96,90,63,70
277,58,140,95,343,63,127,96,114,146,633
279,145,624,676,601,279,246
302,85,601,309,279,262,190,141,246,283,335
303,99,95,118,136,127,100,111,121,115,126,106
305,228,379,218,173,128,112,230
311,8,2,112,58,38,25,24,21,19,522,90,82,211,81,79,124,119,118,115,114,190,189,182,174,170,167,166,148,364,146,142,141,140,134,304,218,214,204,370,384,203,197,192
312,3,11,4,48,5,58
315,54,67,50,527,48,92,51
319,252,131,116,98,94,196
396,66,51,670,519,358,256,138,67,220,63,38,381,61,56,467,47
414,146,153,25,121,115,192
416,16,621,352,44,115,55,350,343,65,63,96,90,114,153,189,518,458,111,106,223,183,121,124,127,146,445,266,331,389,675,468,194
437,717,606,67,43,48,38,536
439,267,238,137,136,155,118,198,164
445,527,402,324,109,91,164,110,98,90,612,92
447,746,735,648,309,300,245,209,201,196,191,177,331
466,443,142,143,155,252,167,427,139,574,448,747,375,331
480,183,468,675,122,128,64,155,127,223,92,269,65
486,72,33,65,51,670,81,126,244,118,92,111,110,638,130,219,140,158,250,201,303,721,137
547,8,4,67,63,84,156,152,182,198,194,650,193
555,419,389,484,416,96,375,448
561,110,108,91,98,559,192
579,189,153,144,90,115,303,380,158,182,309,318,188,187,238,206,717,192
586,721,608,600,590,468,565,673
600,347,277,276,264,238,183,185,192
611,650,152,183,468,675,134,304,137
613,252,240,68,69,126,27,25
614,90,83,724,223,284,143
619,480,158,452,115,605,183,149,506,146
635,140,115,219,569,65,350
714,560,469,555,353,197,148,137,126,546,174
719,12,14,13,7,70,127
736,606,67,153,146,172,256,214,599
744,46,56,58,36,530,38
757,292,167,695,672,583,472
786,304,134,269,127,349,472,560,444,267,183,122,170,118,152
823,309,130,126,260,729,137,145,118
836,213,203,349,222,193,362
874,565,608,182,187,570,223
882,536,58,64,240,67,606,88,214,100,252,167,191,194
931,70,169,58,252,81,102,569
939,252,140,301,340,472,244,148,127,108,153,376,350,155,223,152
946,115,151,139,131,103,160,162,163,171,177,176,178,182,557,506,194,193
965,155,127,140,331,251,159
1023,625,328,244,146,276,162,371,353,238,249,570
1042,10,3,4,530,31,405,48,102,542,38,46,45,58,66,95,88,131,114,638,146,445,168,164,181,660,173,182,191,189,193
1078,510,311,267,472,179,166
1079,75,66,569,65,189,186,172
1080,253,252,27,126,240,167
1099,375,353,276,223,140,81,48
1102,253,252,240,257,148,155,251,333
1104,292,240,191,177,245,268
1125,16,20,27,25,536,62,131,66,143
1131,92,382,69,62,45,95,44
1139,283,625,322,238,137,122,749,712,384,349,98
1147,118,108,140,126,347,742,283,127
1151,72,41,51,56,362,57,133,137,190,629,197
1156,160,335,161,612,350,311,244,163,375,353
1183,81,269,343,317,315,302,294,281,194,223
1192,171,140,128,108,252,162,244,131,96,95,118
1220,126,94,162,244,168,164
1225,70,65,62,58,53,51,47,45,140,141,114,122
1230,283,183,158,154,153,241
1264,162,102,240,98,690,96
1266,137,122,108,98,87,371,260,126
1267,466,322,277,215,190,194
1287,16,84,83,406,219,118
1292,252,83,68,131,102,46,45
1296,53,157,95,236,65,167,155,127,536
1300,496,467,133,238,267,137
1328,162,102,96,127,484,183,244,177
1353,6,25,58,44,71,94,140,146,123,638,167,155,183,158,139,153,320,223
1372,7,12,11,20,21,6,3,147,331,150,146,153,159
1379,13,27,3,5,66,140,95,58,20,21,25,146,626,530,36,65,544,69,60,590,569,114,67,108,343,82,584,445,748,83,80,97,86,107,307,185,153,163,172,312,169,177
1404,63,146,153,192,209,293
1412,3,27,26,25,95,146,292,219
1434,335,309,262,174,364,377,141,495
1450,704,467,442,413,364,174
1458,215,244,186,188,183,303,404,525,187
1459,4,6,16,25,55,50,146,38,536,268,114,115
1483,166,34,92,612,45,103,57,130,126,244,324,321,638,137,282,213,208,722,163,629,377,482,174,179
1492,28,70,51,50,88,158,122,599,214
1493,70,169,146,214,182,175,173,158
1495,32,27,134,139,177,147,158,194
1505,513,331,126,173,186,182
1510,8,121,6,4,629,305,268
1515,131,472,376,345,311,162,579,87
1528,62,690,98,140,559,238,137
1537,12,21,55,63,58,416,375,223,140
1552,10,51,61,58,555,353,244
1577,67,194,572,573,293,256,183,215
1599,253,252,240,219,194,314
1605,112,223,63,146,153,143,173
1612,55,155,108,114,63,96,146
1621,140,58,87,108,458,96,114,155,127,173
1633,411,56,48,407,153,58
1663,16,445,407,27,111,20
1671,20,296,95,58,206,666
1676,87,581,571,480,183,240,294,171
1681,38,46,44,95,167,331,177
1748,126,33,133,371,137,362,629,141,153
1755,92,143,244,149,236,157,164,194,223,238
1760,338,315,297,284,245,241,204,189,177,170
1770,78,68,72,153,163,171,187,206
1782,613,468,416,140,115,96,81,57
1794,21,25,20,55,525,536,53,50,48,56,67,569,77,99,75,94,105,121,115,155,296,108,638,124,127,140,146,158,183,164,172,178,177,468,484,189,192,193,194,196,352,201
1818,245,198,153,149,192,164,165
1819,699,40,87,102,126,390
1899,16,129,237,241,445,266,146,74,112
1921,44,48,52,66,131,143,176,165,164,182
1924,3,13,296,67,81,263,96,385,364,100,108,372,136,578,301,240,544,375
1930,214,187,144,146,66,51,55,536
1931,20,372,525,65,6,3,4,14,70,63,445
1943,467,47,94,235,126,103
1958,58,70,63,146,115,155,296
1964,143,94,162,315,345,695,176
1973,57,178,145,118,98,83,126
1993,168,350,198,194,331,314,223,183
2000,27,66,183,621,96,90,99,294,114,457,121,127,108,468,140,155,194,149,214
2008,248,194,320,153,128,322
2024,213,163,722,126,335,350,712,283,130,93,467,496,72
2075,111,20,25,709,405,31,189,56,63,60,66,445,146,167,293,153,114,266,707,582,518,315,294,220,168,158,149,143,633,115
2096,34,33,94,67,116,141,540,378,365,163,230
2102,25,276,238,267,520,526,264,364,140
2115,264,188,744,714,478,368,143,256,194,162
2125,536,70,97,98,171,626,108,153
2136,244,202,449,256,314,264,277
2144,58,445,146,264,169,182
2146,347,131,253,240,325,251,167,244,121,389,349,98
2216,51,103,45,108,163,137,142,140
2221,36,389,115,45,83,84,114,108,209,98,126,349,264,182,162,186,280,193,194
2224,67,96,189,143,154,194,204,202
2250,158,403,562,264,153,149,146
2260,603,611,389,130,140,276,118,115,160
2288,20,13,66,16,296,55,165,170,314
2295,520,382,267,238,186,166
2300,122,115,155,705,127,599,214
2303,58,140,375,517,331,95,114
2305,27,95,140,134,162,146
2310,739,503,356,253,252,240
2322,116,695,517,472,235,101,322,349,690,98
2344,5,4,11,21,66,143,115,111
2354,72,73,75,126,108,80,91
2362,115,480,468,466,416,267
2364,283,126,382,624,520,94
2368,108,63,223,146,295,171
2372,650,14,3,12,7,4,9,6
2376,281,130,127,137,189,182
2382,172,312,192,265,287,196
2396,599,214,111,295,333,251,159,173
2404,515,72,133,638,123,555,546,540,267,141
2405,517,389,527,92,544,223,95,97,151,100,132
2413,95,416,58,67,524,728,140,185,230
2439,3,10,4,69,131,65,530,58
2446,123,140,115,393,268,409,455,118,183,256,172,173
2469,610,262,309,246,209,190,166,570
2477,257,253,335,240,124,125
2493,230,140,95,27,23,536,58,343,65,724,284,143,119,114,350,152,335,158,484,183,675,686,185,193
2495,513,390,335,283,309,246
2498,131,718,148,130,137,134
2502,63,83,116,126,62,60
2503,264,250,242,182,189,159
2514,127,445,146,134,182,140,135,167,114
2518,590,565,417,365,347,276,183
2530,568,147,244,162,689,172
2553,4,14,16,32,530,96,167,115,114,127,146,153,253,171,182
2574,262,118,335,34,126,57
2579,60,58,57,362,238,96
2589,555,209,98,137,158,362
2594,350,335,583,205,331,267,276,193
2631,331,102,194,633,114,108,140,163,347,375
2654,10,95,108,114,267,185,140
2656,381,377,215,191,178,174,166,152,130,638,127,350,376,162,600,590,276,513,749,546,560,743,681,680,673,613,480,468,394,384,378,365,375,322,277,238,158,131
2664,304,276,267,89,95,118
2669,493,641,317,302,688,185,223,238,520
2674,472,179,581,281,596,188,178,228
2675,612,711,647,532,385,377,245,235,201,570,98,94,82
2691,264,158,173,171,155,296,176
2716,83,115,122,203,137,126,252,240
2718,206,204,199,197,203,210
2726,461,1009,519,94,95,88
2727,520,610,382,276,375,238,349,188,570
2729,2,3,6,5,28,27,23,31,56,50,55,155,45,536,51,48,81,53,87,94,96,75,202,128,115,121,105,113,131,162,167,240,252,253,285,134,137,238,322,146,183,480,163,164,172,256,187,171
2733,92,118,126,137,122,204,170
2739,65,2,53,43,118,95,33
2747,458,155,127,536,167,55,58,140,83,108
2789,110,126,638,148,137,238,166
2795,126,362,137,717,244,203
2835,321,236,137,126,244,94,196
2879,416,238,206,115,717,375,95
2903,44,65,183,158,404,127
2904,168,389,111,412,385,158,106
2906,480,468,446,416,402,375,331,574,223,115,325,194,253,252,167,102,143,96,94
2926,413,349,588,471,58,569,126,96
2940,4,131,66,25,58,51,50,551,304,292,118,182,162,241,143,119,146,417,404,158
2948,58,65,82,75,86,93,95,107,98,112,105,103,126,140,144,146,163,156,165,168,172,171,169,570,170,206,197
2950,44,65,87,58,57,81,95,223,155,127
2960,162,252,131,155,705,130,129,137
2970,251,155,127,115,322,238,137
2985,39,68,65,90,155,127,347,159,192,325
3000,416,96,506,149,303,158
3004,413,375,384,353,322,126
3009,182,240,375,248,194,335
3013,177,188,171,173,167,165,307,240,162,296
3048,742,347,322,238,223,140
3062,223,53,561,558,546,103,45
3087,96,621,146,153,149,182,747
3089,192,320,95,21,13,7
3090,252,639,403,503,578,340,121,115
3105,51,140,95,70,169,296,115,269,127,146,331
3114,166,673,379,203,137,240,167,155,331
3121,122,29,558,53,403,45,183,322,238,223
3144,224,590,565,394,304,276,189
3165,542,118,95,51,50,48,46
3198,27,25,204,195,193,175,169,171,164,182,173,165
3221,544,194,392,188,193,650
3223,114,118,116,125,183,155,146
3224,130,244,375,328,321,638,347
3225,547,163,137,149,144,145,140,238
3232,406,143,56,38,63,25,95,36,146,153
3235,155,539,639,183,223,145,142,140
3240,6,11,66,25,83,27,58,536,87,621,96,46,55,65,80,189,153,114,140,106,183,158,264,245
3255,536,63,458,96,80,95,626,108,115,252,127
3273,18,19,23,25,126,536,228,192,175,155,153,67,68,69,107,72
3283,236,192,189,182,223,480,484,183
3314,530,379,352,112,90,39,35
3342,96,416,127,140,168,258
3354,58,102,87,94,108,125,145,148,162,167,171,186
3401,565,183,115,639,191,178,119,118,114
3440,492,104,122,638,114,162,219,146
3491,25,41,62,47,584,86,84,83
3522,98,126,140,146,163,178,192,186,303
3530,517,304,285,455,240,63
3533,126,467,72,47,65,95,240,40
3546,209,190,188,178,166,141,128
3551,296,55,90,88,114,115,272,118,147,149,170,169,747,182,192,193,194
3552,4,19,21,13,34,70,90,126,119,192,200
3556,56,61,189,67,606,158,721,303
3607,202,205,211,215,304,276
3644,546,515,72,126,215,238,179
3675,416,16,96,63,60,58,55,542,44,95,536,513
3685,10,384,14,6,4,265,42,36,186,116,41,34,65,320,68,1012,70,236,208,114,402,122,300,137,158,347,129,130,139,177,147,183,146,145,203
3696,38,536,45,55,58,92,96,118,108,638,140,127,158,146
3706,294,280,281,206,187,185,182
3748,544,742,347,331,140,121,115,95,83
3749,202,517,304,276,747,331,238
3777,50,46,107,62,118,183,158,140,165,187,189,256
3785,223,183,121,115,96,95
3796,127,126,152,160,128,132
3806,71,70,419,151,127,638,125,345,350,472,223,183
3807,21,66,108,63,266,235,127,404,158,172
3828,75,77,712,690,98,527,92,309,272,246,209,190,559,238,283
3841,228,212,714,704,157,92,98
3843,67,90,104,96,95,143,315,338,364
3850,146,626,174,277,102,427,139,539,195,291,107,121,236,197,179,166,141,208,137,183,372,296,115,122
3857,428,330,304,250,214,115
3864,739,87,8,6,3,4,10,66,70,613,256,86,537,471,143,189,277,240,139,194,245,167,94,303,230
3875,46,48,66,53,544,131,240,187
3876,111,506,318,159,137,133
3903,153,25,44,352,376,73,100,214,599,146,233
3913,546,555,276,264,238,331
3948,179,599,214,205,200,178,215,162,159,108,77,75,51,38,112,69,131,116,47,92,527
3960,45,116,205,126,125,244,131,141,143,174,166,252,191
3981,498,471,537,63,403,340,240
3997,46,45,244,143,118,104,492,158,137
4001,544,183,480,375,347,223,705
4027,183,115,70,66,165,155,89
4063,569,114,92,94,167,113,491,109,492,284,143,176,201,159,529,164,177,198,183,351,194,172,189
4082,264,223,484,183,122,121,81,66
4092,394,347,742,277,276,264,183,115,55
4094,525,20,6,58,9,394,108,63,416,169,70,83,140,404,158,742,129,296,294,484,347,127,146,191,195,747,182,375,183,171,168,565,192,189,264,267
4108,115,155,458,127,146,445
4109,95,7,331,153,530,375,747
4127,28,143,114,206,153,149,147
4134,135,169,664,551,304,276,146
4149,63,60,58,46,126,546,545
4162,25,15,12,6,13,7,5
4190,375,347,303,296,453,223
4202,50,55,155,705,223,6,7,14,153,4,25,66,11,5,20,3
4207,75,380,187,186,338,303,454
4215,237,91,45,41,126,729
4219,560,559,555,466,353,322,610,515,469,423,141
4220,27,4,557,506,80,83,114,108
4226,65,530,51,296,55,350,343,66
4233,211,123,449,128,119,222,232
4245,314,127,148,729,507,162,302,292,688,276,599,214,168,183,252,264,349,372,223,171
4246,747,27,55,268,115,183,480
4255,140,264,238,182,171,153,134,215
4269,67,90,384,375,347,276,264,223,140,122,66,96,155,115
4290,127,116,612,92,48,296,536,126
4295,126,112,108,167,244,116,98,146
4314,364,174,75,78,79,126
4317,410,303,338,297,143,158,201
4345,612,126,584,72,467,64
4352,45,167,75,130,98,108
4359,3,4,48,45,68,729,712,690,744,98,214,100,209,95,126
4368,187,676,249,570,182,183
4386,124,75,103,348,133,186
4452,666,681,423,365,353,276
4473,6,23,25,146,36,126,81,75,163
4475,244,517,324,283,314,223,183
4498,63,96,146,153,660,149
4511,187,570,142,132,717,206
4518,365,324,328,174,335,223,164
4544,111,20,16,15,445,146,25,36,66,55,108,63,594,304,134,173,192,194
4562,90,584,58,51,296,55
4563,51,67,330,312,224,220,196,193,189,187
4591,31,25,27,153,158,194
4634,352,196,94,296,115,187
4662,122,25,140,55,38,45,331
4664,360,355,338,404,454,304,364,168,73,156,291,67,63,66,70,58,153,189
4671,66,606,67,115,90,146,303,158,153,296,597,370,397,204,196
4673,55,60,584,108,106,97,129
4678,133,132,523,251,155,143,158,192
4727,251,155,115,544,171,245,202
4745,404,158,747,182,352,196
4747,520,496,428,424,370,411,355,348,330,328,303,380,291,228,204,182,277,143,267,747
4778,66,380,315,303,297,143
4792,544,650,347,742,158,189,153,146
4799,61,56,55,63,67,114,192
4800,293,573,143,137,238,141
4832,515,606,215,191,252,240,167,147,441,673,565,264,379,331,419
4849,690,423,328,638,324,244
4864,219,167,522,69,19,72,44,35,126
4880,4,21,20,56,55,58,67,96,108,192
4885,526,356,340,253,252,240
4890,115,155,458,127,149,506,557,194
4892,536,55,296,240,281,187
4903,296,116,141,146,148,174,197,200
4904,70,155,115,96,314,707,111,507,146
4918,45,423,402,394,384,96
4924,65,375,303,264,157,144,158,134
4950,562,546,322,238,94,70,55,51,28,552,23
4958,27,144,90,114,153,146,182
4961,544,294,240,201,191,194,192
4975,402,382,377,364,328,322,321,305,301,247,238,237,236,188,164
4987,43,126,21,6,14,400,413,378,277,276,115,114
4990,87,65,137,98,375,132,131,114,108,179,222,256
4992,25,31,678,108,63,90,238,137,115,153,194,196
4995,552,548,531,712,690,98,403
5002,364,347,331,264,129,158
5027,12,11,3,191,194,192
5062,285,123,118,114,122,120
5066,375,153,125,143,284,155,126,231,158,311,687,281,581,591,364,148,152,650,657,241,201,140
5119,162,131,118,148,145,141,130,183
5120,498,711,601,639,552,462,309,191
5136,52,49,73,612,92,143,147,183,188
5149,717,452,134,102,45,381,61,126,58
5165,304,285,118,119,121,457,111
5174,542,81,51,58,153,66,119,129,293,135,183,172,182
5212,457,236,212,132,523,67,62
5225,145,137,208,146,153,236,183,294,194
5249,503,498,340,301,513,452,253,252,240,194,159
5275,3,6,5,4,81,65,58,96,94,95
5312,356,194,331,637,561,192,98
5313,212,138,143,206,102,544,151,516,394,131
5319,58,57,27,25,15,650,14,13,11,4,6,5
5341,551,330,304,520,237,236,228,558,213,204,173,164
5361,527,402,384,116,137,127
5410,67,58,56,536,321,638,131,141,126,158,127,375,347,303
5424,126,115,167,232,168,183
5425,122,70,375,183,675,115,168
5457,75,544,124,203,137,133,238
5475,70,634,108,114,153,146
5476,170,335,331,314,283,154
5480,673,636,665,291,385,453,303
5483,81,84,458,80,76,83,118
5484,253,219,116,118,314,126,296,137,98
5518,103,72,33,51,81,65,126,223,183,42,53
5527,189,46,61,362,203,57,56,163,303,410,525,206
5551,660,699,40,35,66,303,111,281,131,182
5606,350,742,152,153,471,343
5636,349,264,302,371,467,296,153,704
5639,67,83,84,86,107,102,118
5647,724,681,666,560,400,378,365,277,276,267,206,158
5681,601,531,377,364,225,215,197
5705,21,20,66,143,379,565,315,303,158,154,170,172,187
5708,61,57,130,124,116,148,145,141,311,244,162,137,346,291,254,220,215,211,189,222,174,335,283,206,168,163
5720,293,139,567,137,111,148,143,131,125,123,638,102,100,99,295,128,149,203,222,221,220,202,196,188,183,181,570,179,177,176,161
5722,122,58,44,91,45,86
5723,747,513,673,379,276,264
5724,87,73,147,92,122,148,145,153,296,407,183,480
5730,446,423,347,122,596,375,96,66
5733,155,347,331,164,159,154,146,137
5746,108,114,115,122,146,153
5751,266,108,127,115,153,146,192
5760,525,20,717,206,67,187
5779,133,72,47,253,108,141,114
5789,3,6,4,27,25,38,83,92,143,115,468,675,183,153
5818,544,463,176,294,127,155,183
5826,131,140,241,158,146,350,166,331,375,389,165,335,314
5873,21,27,25,20,96,70,51,28,50,67,63,62,66,60,58,56,83,717,379,183,114,108,206,182,200
5876,408,574,152,389,191,118,136,89
5879,1,27,62,240,81,83,158,266,183
5885,484,121,183,296,115,90,517,389,480,97,223,96,357,155,136,448,168,127,146,591,445,544,171
5887,590,66,68,385,158,170,153
5904,606,426,383,225,101,716
5920,389,36,63,108,67,206,375,192,314,347,574
5932,9,3,6,10,92,480,183,158,137
6008,35,27,25,56,48,58,569,115,121,114
6035,183,140,331,146,135,153
6040,400,277,276,206,638,321,187,127
6052,33,65,95,140,70,347,158,638,137,126,146
6059,498,403,124,267,629,624,520,116,122
6090,164,162,149,146,135,134
6106,107,403,340,219,111,119
6117,50,48,189,56,227,385,66
6135,146,322,238,137,587,320,153,147,349
6137,44,705,155,115,296,448,691,660,181,182
6175,35,530,66,115,167,146,141,161,169,173,375,192,182,747,480,468
6193,62,159,158,156,152,151,150,144,443,140,138,136,135,133,132,129,128,127,121,120,114,110,108,106,97,112,248,236,233,232,231,228,226,218,213,208,200,197,195,194,189,192,185
6196,366,300,262,322,164,170
6200,562,555,546,423,416,402,394,375,322,238,223
6210,96,127,115,146,155,189,159,185,192,223
6228,40,240,167,126,97,158,385,724,132,527
6231,16,3,63,58,146,276,223
6234,140,331,252,131,240,517,162,583,206,147
6235,314,18,38,630,296,331,118,95,83
6237,142,565,379,462,187,143,518,170
6239,96,67,70,58,304,256,214,168,599
6253,17,35,48,50,52,64,51,176,716,71,73,67,162,102,167,252,240,76,81,87,517,285,131,244,155,139
6259,65,126,48,56,162,189,340,158,194
6262,343,397,331,574,596,375
6279,93,131,126,244,143,253
6286,102,489,44,6,95,13
6312,27,241,158,189,170,182
6336,529,489,44,56,536,309,75,557,506,139,322,223,183,79
6349,58,140,55,81,95,167,66,67,100,214,599,114,153,331,166,154
6359,230,90,84,83,71,81
6365,18,45,41,536,116,175,328,322,166,171
6371,24,11,3,4,53,58,88,252,240,102,118,244
6377,50,48,38,393,118,140,146,747,182,173
6388,232,126,277,143,107,130,626
6396,729,126,83,98,84,86,114,638,219,153
6402,176,107,239,132,100,177,181
6415,55,536,45,38,127,569,244,155,458,331,146
6423,122,115,140,146,158,153,192
6424,146,126,165,219,747,244,347,296
6433,724,673,559,466,423,324,304,276,140,192,98,122,115
6469,638,117,155,672,345,322,238,137,125,467,133,139,194
6474,246,241,189,143,56,62,544,1134,126,148,166
6495,555,749,562,413,384,468,469,353,238,484,591,416
6552,63,53,143,284,241,277,599,214
6564,559,466,402,122,203,57,62,91,82
6575,10,9,4,27,58,569,90,96,139,506,158,127,135,146,153,149,169,416
6605,118,268,195,331,140,194,573
6606,51,60,38,296,599,214,111,118,230,121,115,131,155,158,375,347,264,235,127
6648,458,155,55,153,17,10,3,6,4,114,63,96
6656,517,195,102,289,162,244
6663,717,206,267,277,629,362,137,115
6666,256,206,194,506,193,662,192,182
6672,402,378,365,331,324,322,277,276,264,238,206,122,115,240,66,67
6673,24,62,57,52,238,314,322
6679,51,153,146,182,134,115
6750,38,48,56,588,517,472,140,122,626,244,222,183,276,179
6771,183,480,484,146,267,139,153
6810,324,157,639,276,348,364,166,626,223,108,161,118
6842,114,132,146,135,134,183,484,158,153,252,168,194,572,186,201,203
6843,157,155,126,158,328,321,610
6848,51,428,283,469,267,238,137,140
6857,155,348,248,148,244,162
6880,121,264,206,223,68,81
6901,107,252,131,92,114,81,126,95,96,94,70,73
6905,10,13,9,3,6,4,14,27,416,146,114
6914,4,381,61,625,322,238,527,402,376,162,340,244,116,122,205,164,82,66,70,94,130
6920,629,546,103,94,73,344,330,129,126
6924,103,140,97,95,183,182,192,296
6950,413,384,353,347,276,264,206,183
6962,546,468,413,402,712,384,277,322
6993,66,48,87,56,143,189,72,348,704,467,122
7001,4,53,126,77,112,90,160
7066,612,92,65,51,140,70,371,103,45
7067,355,449,261,643,205,202,570,145,148,134,232,395,125,127
7069,78,84,83,75,94,518,66,141,119,118,455,292,89,82,219,283,126,95
7079,50,569,473,350,343,70
7091,120,416,540,515,468,277,162,155,238,200
7101,562,394,378,353,276,94,93,62
7126,140,238,137,183,223,484,324,131,136,276,460,364
7139,690,612,353,496,555,238,348,148,126,562,558,306,199
7158,179,178,252,315,349,244,570
7170,23,53,45,75,72,212,238,223,189
7171,146,153,114,108,121,115,155,127
7197,64,252,240,266,445,131,81,169,376,147,73,71
7200,301,111,513,240,402,394,353,238,145,103,131,106,126
7235,152,168,161,187,160,155,194,153,157,158,200,183
7272,84,83,81,685,612,565,559,555,466,108
7273,34,43,19,338,283,126,82,96,94,303
7277,80,75,152,574,155,183,159,189,205,257,191,198
7310,417,400,394,375,353,238,189,173,445,146,158,141,142
7329,238,244,162,353,174,156
7332,57,58,94,70,82,103,136,133,126,197,203
7341,11,62,55,81,569,70,115,122,121,638
7356,194,155,452,192,159,153,185
7363,403,68,75,137,116,133
7367,55,20,155,11,4,6,3
7426,314,68,58,95,118,165,67,140
7429,51,215,61,43,699,40,37,34,335,42,271,69,58,48,38
7449,111,108,116,626,711,231,107,314,118,230
7501,155,127,146,153,266,149
7528,13,78,69,30,38,27,121,459,570,177,141,124,126
7553,612,382,252,240,167,126,140,178
7569,57,58,108,98,690,126
7578,87,272,235,187,124,82
7584,235,174,170,166,215,196,188
7590,127,153,135,266,251,214,203,173,194,192
7591,191,471,356,194,252,223,186
7592,6,4,23,21,27,50,48,57,58,63,70,94,146,153,149,182,189
7601,195,114,122,118,145,209,211,201,239,527
7610,240,739,356,340,253,116
7618,4,219,10,3,6,58,48,50
7649,182,173,385,189,267,183,192
7672,65,189,192,72,548,569,114,633,108,153
7674,65,283,28,25,20,27
7702,637,468,480,484,400,183,115,646,428,90,67
7723,182,175,134,114,109,99,90,73,71,584,147
7735,163,168,174,335,206,172,224
7752,127,536,131,252,68,65,67,63,573,139,153,114
7759,681,674,673,276,51,46,61,45
7764,364,118,272,209,178,267,116,231,126,638,466,384,141
7770,596,375,151,143,284,724
7790,352,519,196,94,568,92,584,73,638,140,127
7812,51,66,127,115,155,182
7814,98,84,83,322,140,158
7822,19,53,48,102,292,38,37,83,81,126,73
7824,155,55,280,256,669,425,242,241,215,200,194
7835,497,364,209,466,191,349
7846,252,240,244,191,194,223,192
7885,143,140,240,264,167,152,158,146,170,223,206,168,164
7886,145,128,296,240,219,191,238,186,230,453
7896,191,480,591,252,240,155,183,159,154
7903,148,141,124,716,648,377,610,309,209,166
7906,188,187,192,404,500,303,238,223,189,380,236,348,212,297,197
7957,154,141,137,136,112,85,73,94,96,93
7958,648,535,494,414,364,246,231,98
7963,131,41,34,130,126,38
7968,90,83,92,126,251,243,236,234,224,212,625,192
7999,137,122,520,238,139,559
8006,112,126,125,137,173,171,182,192
8012,145,194,167,144,364,264
8013,159,251,317,325,458,333
8014,115,50,51,86,276,626,114,111,117,123,124,127,126,158,638,230,183,146,452,170,155,153,152,163,173,404,338,303,380,513
8017,23,25,252,219,22,44,27,747,140,53,542,81
8024,83,130,148,144,157,135,162,335,252,176,156,716,194,165
8031,484,183,127,251,159,244,162
8049,650,347,129,108,90,88,81,83
8052,127,21,27,25,747,192,561
8057,4,244,115,126,565,402,183,256,176,680,666
8060,7,20,522,16,25,27,44,67
8078,130,122,91,45,137,203
8093,12,11,10,9,3,15,20,14,13,7,5,296,2,337,65,44,26,27
8099,60,58,114,127,149,146,159,325,183,192
8118,7,96,621,140,158,148,364,153,149,194
8142,55,268,296,63,114,633,146,192
8147,146,25,155,115,119,118
8155,11,10,4,536,44,62,155,114,136,127,139,188,183,219,167,165,173,192,203
8209,4,43,92,612,75,286,269,64,331
8219,169,171,193,185,173,192
8222,639,648,625,624,610,552,535,246,309,262,191,174,209,188
8224,33,28,27,44,45,103,347,130,60,55,66,62,57,126
8256,44,11,173,159,149,147,347,331,182,162
8259,56,277,66,606,525,565,493,463,416,294,264,220,162,182
8299,291,200,173,125,90,88,524,67,206,606,57,103,45,562,496,353,322,267,51,62
8307,671,531,482,330,304,303,276,228,224,215,206,197,189,187,314
8310,19,25,31,70,66,73,90,626,111,126,114,182,201,196
8345,112,96,94,196,140,141
8348,695,472,485,376,244,517,539,350
8367,324,353,161,172,182,179,164,154,525,296,294,264,183
8392,370,195,376,350,102,86
8413,515,238,122,38,379,62,66,729,103,45,615,520,382,100,81
8451,16,22,21,31,29,27,26
8453,122,56,112,145,472,202,188,256,612,523,324,238,184,182,244
8466,253,252,257,240,574,331
8472,513,390,126,62,60,58,45,296,536
8481,140,638,223,115,158,404
8484,7,3,11,6,66,63,23,27
8487,27,536,127,100,155,177,165,544,171,561,192
8529,664,517,455,292,285,376,240
8534,389,349,264,376,345,695,83
8540,55,115,223,484,183,480,114,108,121,136,544,214,192
8547,96,214,159,136,277,393,276,267,183,675,705,223,480,158,121,296,115,127
8548,9,3,10,6,36,95,126,638,206,168
8581,285,102,96,214,100,148,468,115,116,121,384,413,122
8609,565,562,555,546,480,468,466,423,416,400,394,347,276,206,122,34
8633,163,238,249,570,560,469,283,166
8637,126,579,87,81,94,314,705,155,158
8643,6,4,14,522,7,13,16,530,81,58,36,60,95
8650,252,83,183,253,167,206
8652,544,565,50,21,56,146,25
8672,133,123,606,67,196,461,378,519,94
8678,6,53,542,45,130,192
8711,51,634,70,153,114,108
8747,171,174,377,348,335,314
8759,469,413,384,238,223,183
8767,471,403,537,356,292,252,240,219,167
8773,167,20,3,1,2,6,4,55,50,46,58,56,66,63,77,81,126,82,83,107,118,98,240,116,162,303,158,347,129,128,149,152,206,191,187
8783,40,850,60,38,63,83,244,65,62,70,739,578,471,526,603,219,167,278,148,118,108,95,331,314,375,264,347,140,638
8788,639,526,167,498,356,52,739,471,58,89,744,690,98
8819,3,6,72,50,55,95,58,66,69,100,81,65,118,314,115,130,140,158,303,183,127
8826,25,544,266,118,153,114,146
8836,244,480,458,325,294,194,202,293,223,193,192
8857,91,41,92,50,48,38
8865,296,146,137,140,236,182,192,147,568
8873,682,681,673,527,613,562,559,555,523,466,416,394,393,285,304,277,276,267,375,347
8901,95,115,114,183,198,192
8918,20,296,15,16,171,544
8928,226,208,114,116,115,321,122,128,137,146,348,267,238,148,347,264,172,203,570,187
8934,134,168,187,186,185,195
8951,185,140,127,115,252,158,96,95
8958,70,58,65,54,108,140,574,152,149,296,194
8960,95,176,165,155,143,139,44
8965,236,335,349,466,322,238
8981,27,140,285,118,95,58,108,266,146
8998,542,606,67,81,276,375,517,551,194
9011,51,169,70,747,513,379,187,331,314
9012,335,98,540,118,413,276,140,122
9020,65,266,108,143,206,147,152,158,154,157,176,170
9024,92,126,375,331,283,570,194
9035,70,114,167,573,149,169,171,194,192,221,345,214
9058,127,98,67,63,58,542,536,55,294,268,223,192,188,136,155
9065,155,55,114,153,146,668,194
9077,468,416,347,121,480,484,183
9094,6,4,251,223,372,296
9131,55,621,96,445,146,192
9140,50,51,100,47,268,102,53
9150,3,522,16,27,30,58,45
9164,747,517,292,240,167,173
9169,189,56,66,565,365,276,143
9181,3,115,44,2,4,11,152,574,155,183,223
9209,84,88,192,98,167,118,108
9226,542,38,51,48,53,65
9235,530,140,36,389,536,81
9236,108,63,633,407,404,158
9249,44,108,63,90,303,158,194,196
9258,544,325,294,372,293,223,192,468,484
9261,137,116,46,45,83,126,133,145,148,236,157,555,353,183
9263,162,340,244,131,122,108
9280,252,125,114,573,194,314
9330,64,81,65,350,345,377,244,177,176,194,202
9335,281,637,571,158,303,183
9360,286,269,127,161,289,162
9362,9,27,2,6,536,36,70,75,73,96,126,146,164
9372,46,38,92,536,155,115,108
9392,690,666,562,560,378,365,353,126
9400,9,10,69,584,67,114,164,163,174,183,194
9402,655,384,444,413,349,209,98,126
9436,58,57,65,94,75,82,92,88
9439,190,174,166,148,141,79,82
9451,17,3,96,83,219,314
9476,31,303,25,35,22,28,26,68,45,66,57,178,72,76,103,71,94,102,93,405,294,293,165,143,139,315,364,309,205,202,162,283,238,174,166,247,241,215
9484,670,51,67,506,149,230,159,747,182,173
9487,80,139,153,100,252,96
9496,85,82,84,78,79,77,73,70,71,69,67,66,61,57,53,48,104,103,93,322,277,116,126,335,174,166,149,141,142,187,201,190,283
9498,165,544,172,159,238,223,183,294,519,256
9558,95,102,113,240,314,183,331,574
9566,15,4,417,158,375,63,135
9595,31,51,58,378,94,140,303
9603,7,13,16,36,530,146,63,58,74,83,114,99,97,95,572,135,127,134,544,445
9638,269,127,155,121,115,161,223
9639,5,6,25,135,142,127
9645,5,13,25,83,81,95,530,69,542
9657,27,44,127,451,376,347,140
9678,200,173,164,650,193,182,192
9680,12,14,4,522,153,88,167,240
9681,197,178,124,118,314,304,276
9686,441,23,670,51,56,283,148,183,146,264,215
9703,75,91,98,209,729,690,638,238,137,179,186
9712,44,585,165,304,325,176,331
9719,178,174,256,331,314,283,206,171
9729,343,449,128,445,146,376,147,325,159,153,165
9754,165,292,713,162,164,160,304
9781,108,63,65,60,116,114,151,146,596,375,331
9786,654,489,44,155,55,63,96,146
9801,81,44,38,83,87,314,276,223
9814,47,34,98,698,414,235,231,236,467,322,321,535,188,570,174,170,152,141
9815,276,322,238,364,262,209
9825,513,222,244,130,122,124,119
9853,542,76,53,77,95,87,107,118,123,171,167,183,185,194,238
9867,83,252,167,43,67,131,87,38
9887,503,68,63,69,121,572,194,139,135
9889,335,378,162,224,172,304,276,166,61,196,94,51
9901,347,95,100,84,116,87,111,244,140,162,134,158,147
9908,230,480,375,347,192,193
9919,63,60,114,516,394,96,343
9928,4,66,16,251,159,194
9932,122,115,303,121,133,134,267,126
9963,7,542,67,81,65,343,126,58,118,389,523,132,223
9996,250,182,171,134,304,551
9997,232,162,128,143,142,137
10003,10,13,4,5,530,40,36,58,60,69,65,63,62,82,150,129,140,189,199,206
10005,140,122,115,638,570,174
10019,43,34,610,223,353,183,322,238
10051,13,7,19,83,6,347,215
10067,168,689,666,277,183,187,164,224,172
10078,13,10,276,140,185,83,196,200
10079,153,351,183,353,292,393,276,349,199,314,171
10122,140,314,155,705,595,176,149
10130,352,44,114,108,63,594,111,707,194,149
10135,108,60,63,183,223,58
10155,63,106,105,322,108,626,445,146
10158,19,6,4,530,65,30,81,95,542,48,536,94,58,70,63,66,67,68,131,102,139,73,71,90
10169,536,296,55,108,569,67,81,83,283,223
10171,12,8,77,76,122,121
10177,71,25,16,27,705,155,127
10187,36,240,292,118,95,97,140
10189,452,252,403,432,356,428,90
10200,95,27,25,536,253,92,143,158,173,182
10206,530,747,536,81,55,65,90,621,96,111,599,214,182,194,186,238
10213,184,136,127,544,121,192,169,158
10255,304,140,276,137,127,118,114
10257,47,81,95,100,118,111,145,146,158,314,173,193,192,189
10285,27,353,322,32,72,58
10286,149,732,182,747,717,193,202
10289,322,179,162,412,285,196
10292,729,126,170,163,191,190,196,186
10312,102,94,196,268,272,93,277,143,673,540,244,140
10331,520,466,353,238,122,126,322,141,209
10334,7,25,9,6,27,66,67,606,145,118,94,96,119,121
10349,279,403,240,167,141,283,126
10366,24,4,548,47,46,100,107,131,125,638,222,143,183,187
10370,676,249,122,118,103,77,75,72,67,61,56,53,130,126,45
10380,126,45,38,65,92,70
10439,206,717,565,590,31,27
10450,238,322,223,118,122,114
10456,27,321,122,137,143,158
10464,39,296,522,389,36,25,66,53
10467,143,158,127,182,256,206,187
10513,281,596,191,331,223,185
10518,370,204,215,276,292,267,666,206,197,200
10528,108,114,127,155,153,159
10530,153,143,158,52,69,83
10560,281,263,544,143,115,59,95
10590,52,49,269,127,125,244,126,345,672,559,520,466,446,322,376
10595,252,162,148,183,158,404
10600,360,348,228,21,27,582,468,70,670,51,127,394,96,375,146
10611,606,67,165,325,747,182
10629,530,48,536,45,72,55,95,58,81,63,92,90,96,103,114,130,122,638,253,244,324,143,146,142,157,194,182,195
10636,9,23,21,27,65,38
10648,137,122,57,690,98,209
10656,44,489,654,269,55,155,189,85,89,56,666,606,67,96,457,111,122,321,115,573,149,173,204,206,205,352,196,215,214,599
10662,127,350,269,146,153,668
10665,203,362,57,98,349,209,690
10674,376,147,219,155,223,168,164
10687,127,108,70,62,58,57,45,39,31,28,27,65,25
10693,95,67,127,121,84,173,544,171,588,517,182,192
10702,136,60,283,51,66,126
10706,162,266,240,292,409,53,558
10742,83,94,146,445,182,169,206,172
10753,264,223,140,146,112,63,38
10761,202,201,527,239,264,283,267,177,174,170,187
10765,111,707,127,155,176,149
10770,530,44,360,570,214,635,397,370,204,192,182,303
10785,194,223,153,480,146,183
10792,62,118,112,91,173,95,84,86,83,98,349,126
10799,27,112,99,108,116,110,146,159
10802,463,338,325,264,255,192,171
10806,33,126,69,162,131,141,95,83,148,629,624,382
10830,62,45,41,46,51,48,122,187,54
10831,94,196,244,182,194,573
10845,416,169,70,71,621,96
10881,583,539,345,162,223,158,122
10893,16,542,64,48,72,467,133,94,131,118
10898,153,146,158,149,171,544,182,173,194
10915,639,253,131,472,539,583,244,162
10924,384,283,505,712,130,126
10926,96,102,364,285,142,146
10929,51,90,682,633,114,146,140
10978,44,257,55,452,65,13,17,95,296,347
10986,322,238,122,353,413,629
10987,167,96,108,140,162,146,375,158,155,168,194
10997,155,202,191,185,173,162,223
10998,66,114,303,230,171,154,149,445,146,182
11027,55,21,65,62,58,91,584,525,296,86,98,84,148,638,140,146,155,194,198,331,182,200
11051,25,65,72,56,70,584
11075,65,27,25,140,349,294,108,86,264,379,682,417,437,449,127,114,122,129,742,155,458,152,167,192,182,223,159,325,251,331,389,375,195,194,171,193
11096,76,62,41,491,109,91,45
11125,27,26,83,47,51,45
11135,155,115,630,296,116,133,610,131,87,621,96
11147,20,4,5,6,384,353,206
11151,155,127,506,543,149,192,561,223
11163,565,296,38,131,542,44,269,65,114,118,143,155,147,303
11172,116,122,137,92,140,350,170,194
11179,39,25,86,75,584,83,230,140
11182,67,606,252,121,127,458,155,638,139,705,223
11187,382,283,126,125,638,322
11191,466,311,322,238,48,53,116,170,718,132,153,131,670,356,341,359,188,378,197,193,348,178,145,148,141,267
11206,517,162,296,303,314,335,251,159
11252,191,178,177,653,448,296,263,187,364,245,188,186,691,630
11253,58,55,739,167,252,155
11259,659,565,560,555,416,400,402,324,276,183,375
11262,142,348,304,276,126,114
11276,650,742,347,428,283,167
11312,40,24,102,118,116,122,137,203,362,629,34,30,64,65,38,23,388,548,47,467,704,496
11313,95,153,146,149,168,276
11320,655,601,191,118,98,146
11321,146,158,201,182,256,226,224,220,223,214,599,194
11332,664,517,211,189,187,191
11348,50,38,60,66,63,189,56,143,573,149,743,724,385,158
11353,27,147,572,573,149,170
11376,67,90,103,106,269,127
11379,80,88,517,94,266,153,114,235,158,121,115
11390,57,98,126,158,152,311,131
11405,385,301,340,517,244,240,253,131
11427,244,157,228,236,276,292,304
11428,115,101,95,87,118,81
11481,162,131,118,296,116,141,115,122,126
11486,58,350,65,62,420,108,63,115,296,153,146
11492,115,136,118,557,463,294,114
11518,65,45,57,66,96,240,148,314,206,172,331,252,209
11522,27,191,119,118,53,51
11528,146,63,108,732,171,182,517
11550,134,140,158,155,183,252,240,167,244,170,331,223
11563,191,257,252,152,314,153,572,194
11575,115,116,296,122,596,375
11578,85,137,98,126,348,148,625,619,601,535,385,309,262,209,570,190
11584,4,530,146,142,153,163,193,201
11587,70,62,58,95,96,140,127
11597,143,133,163,443,394,266,170,187,182
11610,387,333,248,228,236,192,90
11632,34,44,35,195,102,50,154,108,131,126,638,142,153,244,168
11652,32,77,99,116,118,140,131,126,153,253,191,223
11705,403,240,155,139,416,384,115,324
11714,45,62,72,92,612,244,141,177,126,321,638,331,314,163
11778,594,410,315,293,290,281,264,204,149
11790,68,315,143,139,155,375,126,626,193
11793,45,92,98,638,183,146
11818,146,153,445,416,240,285,376,513
11823,240,409,292,167,87,375
11838,356,62,60,51,142,583,301,253,240,268,167,194,565,480,468,223,96,252,569,146,112,183
11839,322,296,416,394,378,324,208,204,335,303
11841,565,525,512,408,410,396,303,280,241,220
11856,146,147,376,179,182,196,563,195
11868,58,63,55,81,95,51,50,56,52
11881,348,148,283,183,153,158
11882,556,518,368,303,158,638,123
11888,340,690,562,648,729,490,349,238
11933,90,81,70,68,58,65,56,51,50,48,303,86
11958,122,321,115,189,153,114
11979,1,18,95,528,482,279,601,335,130,34,19,163,56,46,26,24,23,124,37,611,603,346,583,299,311,118,102,131,505,283,565,78,222,69,126,53,42,246,215,190,377,180,174,148,141,98,85,381,61
11988,544,404,158,121,219,55,131
11991,213,610,423,163,548,547,137,238,414,98,209
12007,513,452,379,331,38,530,62
12037,277,100,276,238,321,122,115
12045,84,83,87,98,41,45,403
12058,256,155,223,365,183,484,480
12072,717,105,93,413,444,349,98
12091,63,114,266,153,294,182,192
12116,27,92,612,126,303,347,170,98,102,747,524,105,314,244,182,320,142,146,219,173,153,176
12148,51,42,467,170,141,267,629,194
12151,167,525,410,303,158,351,183,155,252,240
12161,57,203,56,58,95,66,167,62,81,94,196,83,143,100,283
12183,222,141,629,362,137,201,158
12193,85,79,136,108,83,118,98,122,146,145
12202,146,196,191,182,173,167,192,206,214
12225,167,240,268,116,131,147,141,158,146
12233,66,96,55,51,50,88,46,38
12250,65,130,140,158,252,134,155,151,131
12253,244,441,412,285,240,167,527,390,382,219
12262,211,205,196,178,170,83
12273,1,10,83,34,23,35,131,38,143,92,601,124,79,75
12305,44,38,48,51,55,66,118,195,517,272,146
12309,205,132,548,103,98,75,126
12321,55,268,455,517,146,182,173
12324,506,318,80,71,67,59,52,131,162,102,44,38,51
12337,325,223,480,347,484,183,294,739,292,173
12342,413,384,353,322,238,240,146
12344,118,121,214,189,186,544,171
12350,536,544,127,65,115,140,183,155,375,192,349,179,182,352,194
12360,155,127,121,605,347,223,705
12389,583,639,472,375,191,264,193,240,219,238,517,296
12406,112,63,66,155,115,192
12422,717,21,133,105,62,58,39,36,27,296,33,353,347,322,122,96
12432,68,81,92,44,253,223
12447,131,102,292,289,162,286,397,350
12451,67,58,95,159,165,747,182
12473,252,471,194,240,149,155,157
12476,94,196,90,112,253,141,183,140
12477,126,130,112,106,171,103,205,116,118
12513,6,4,81,77,129,142,146,153
12528,496,72,7,15,729,126,62
12568,530,69,92,158,127,155,303,389,176,223,183,159
12571,9,12,7,11,6,3
12577,27,45,44,132,140,158
12580,139,170,174,114,375,121
12604,322,238,145,118,186,108,626,280,228,192,182,173,156
12668,191,196,244,331,375,238,714,506,194,223,193
12690,115,296,127,173,192,480,458,325
12700,615,520,148,517,393,118
12720,289,521,321,182,201,277,376,179,178,515,365
12728,178,182,161,155,149,146,140,331,343,136,135,127,172,122
12729,687,311,322,24,19,126
12744,95,13,7,111,100,155,115,114
12762,322,704,557,372,349,302,202,314,197
12764,87,542,71,67,63,60,58,296,565,630,126,98
12771,296,536,58,70,88,230,140,165,173,192
12773,504,164,183,182,191,186
12780,384,365,353,322,238,122,140,747,530,57
12784,140,114,244,118,126,122
12814,673,565,276,118,717,206,542,189,56,461,524,67
12828,303,227,204,370,256,358,590,600,394
12867,28,21,25,536,65,44,46
12882,155,223,183,92,238,324,463,294
12908,416,186,704,729,212,573,194,200,477
12910,264,183,115,605,121,155
12950,44,55,66,94,196,96,621,143,277,182,192
12951,331,182,170,168,146,141
12967,3,6,5,24,22,19,95,21,25,38,542,48,50,81,70,71,584,83,118,292,113,140,281,148,141,134,244,314,166,168
12968,34,95,126,140,162,147,350,397
12975,33,25,21,101,62,63,60,53,51,45
13023,253,61,717,518,62,57,50,51
13027,522,84,83,20,32,102
13029,480,458,416,96,98,90,140,252,182,183,187
13066,44,458,416,96,108,146,153,194,149
13070,601,262,347,350,397,331
13127,4,19,40,25,95,471,219,252,240,102,167,331
13129,402,353,322,277,267,238
13146,15,13,4,153,25,522,58,536,65,83,95,92,114,127,146,294
13153,244,219,35,53,6,4,12,747,27,44
13221,9,3,2,83,168,163,170,223,171,187,183,198,194,195,193
13234,747,717,518,452,223,206,183
13243,27,331,58,375,172,214,209
13251,296,51,606,67,68,560,469,384,283,186
13262,555,267,466,612,108,146,130,112,167,103,118,122
13275,29,110,268,240,58,153,146,569,80,192,98,155,140,164,238,184,193
13279,10,3,4,81,115,121,152,155
13283,331,746,696,551,517,393,292,240,83
13325,131,140,127,638,167,155,194,186,185
13362,133,129,182,194,197,200
13377,294,256,96,621,230,98
13401,353,322,238,513,197,294,260
13411,163,166,148,390,130,124
13425,606,309,570,170,152,148,145,141,124,118,89,82
13433,19,46,55,94,96,104,491,492,139,253,219,155,143,159,189
13441,267,322,353,538,496,562,240
13447,680,347,331,747,146,151
13464,104,107,120,137,122,119,466,118,638
13486,196,94,96,311,162,145,139,143,331,314,158,140,134,256,203
13508,66,146,27,143,406,214,206
13526,565,379,315,143,116,115,130,283,96
13550,358,256,480,468,206,114,127,115
13565,252,315,211,338,368,294,281
13588,137,238,368,380,303,350,244
13611,27,153,66,21,25,26
13647,50,51,158,404,250,132
13665,191,377,482,252,240,517,331,27
13691,10,6,4,536,174,348,627,629,704,157,206,183,480,468,223
13723,749,555,400,166,283,517,375,267,276
13725,238,324,184,236,178,264,192
13737,45,403,48,115,108,626,194
13745,522,19,27,25,69,37,40,80,72,133,92,126,122,157,152,153,182,570,191,192
13791,36,44,63,66,114,108
13798,5,390,552,147,190,192
13809,4,6,27,51,58,63,65,70,90,108,182,162,119,121,127,140,147,153,177,171
13825,539,517,350,244,103,131
13834,433,348,328,67,91,729,331,397,90
13844,148,140,152,150,145,147,256,331
13849,178,375,331,537,526,356,340,240,252,296,453
13850,626,183,352,266,108,111,115,638,163,453,277,161,269,127
13889,66,338,315,143,404,303,158
13902,11,6,4,27,569,90,92,129,146,158,164,178,173,182,223,192
13938,264,243,214,747,182,168,149
13943,13,16,95,38,32,86,223,200,167,153,146
13951,6,34,102,118,136,27
13955,384,353,9,103,566,459,462,317,446,452,496,371,305,260,197,236,163,547
13963,114,108,115,296,127,155,223,705
13968,666,413,365,347,303,230,163
13977,315,307,303,256,220,204,187,182,168,142,146,189,143,277,525,404,158
13983,315,143,103,91,46,204,66,67,569
14002,45,67,63,50,49,51,48,56,52,66,584,95,94,143,134,146,168,172,196
14007,122,115,297,143,338,303,158,312,172
14027,81,115,121,155,251,146
14048,712,283,264,240,137,208,116,296,371,314
14053,252,153,219,170,163,168
14058,338,348,236,220,212,189,186,704
14065,34,126,107,44,95,68,38,45,82,98,192,137,96,93,94,103,112,114,130,217,118,219,638,143,241,380,141,145,335
14070,220,187,330,175,170,375,182
14081,63,115,127,293,149,192
14116,66,108,63,170,189,192,280,298,193,194
14119,167,544,278,490,526,739,356,580,183,162
14124,331,162,314,131,140,170
14152,520,615,639,703,610,629,624,725
14179,246,245,266,295,191,85,72
14190,536,81,102,240,65,90
14208,458,80,446,721,681,673,115,277,276
14224,58,5,66,724,284,143,46,38,125,95,140,70,202
14225,231,126,174,238,137,364,148
14229,147,368,245,140,146,167,219,544,187,173,170,153,154,747,517,156,244,162,161,155
14249,66,501,636,398,188,359,170
14255,108,114,561,544,223,121,146,445
14260,53,30,81,94,196,70,16,15
14286,95,68,24,44,276,79,83,81
14299,68,403,544,79,347,115,83,95,513,331,209,98
14303,146,108,114,175,165,173
14305,45,91,107,62,148,209
14388,98,91,79,75,72,78,62
14404,304,276,264,206,183,140,50,66,58,56,28
14408,200,215,520,610,423,238,466,382,197
14430,418,377,369,201,79,211,148,145,98,54
14441,146,25,55,115,155,296,127,269
14449,167,170,194,585,165,164
14468,126,118,114,115,127,129,173,209,174,132,133,154,155,158,140,135,145
14472,490,629,377,364,98,584,349,1036,413,94,81
14474,36,88,90,519,94,100,143,127,269,168
14494,67,170,153,143,204,370
14503,495,262,174,238,583,162,140
14530,143,168,154,194,149,146
14531,83,58,55,536,38,294,115,127,96
14534,362,57,91,45,690,98
14545,67,90,115,296,127,172
14561,122,115,189,194,285,196,197
14563,27,9,58,55,372,20,96,114,127,155,343,269,312,172,182,192
14577,127,114,276,264,158,445,146
14580,41,61,728,54,67,43,126,47,53,19
14588,288,290,220,187,60,51,189,56,66,445,146
14595,78,95,46,143,471,142,162,158,331,419,140,375,230,182,175,416,591
14596,252,160,222,253,240,219,281,162,116,117
14597,264,206,158,140,122,115,96,94,70,73
14602,3,4,53,81,162,182,311,496,555,575,667,198
14608,244,448,375,331,230,251
14612,402,610,480,466,446,423,238,222,155,146,559,244,202,331,195,193
14624,467,496,704,133,103,163,347,188
14643,63,95,240,102,137,111,219,182,173
14657,25,66,43,78,62,296,178,166,145,122,112,103,98,209
14669,99,544,113,98,186,185,230
14674,66,5,6,65,70,303,241,158,143,155,311,638,127,183,351
14676,240,102,268,304,94,99,90
14677,44,352,127,39,55,38,158,201
14687,51,140,193,171,560,472,179
14688,240,24,27,66,14,13,7
14695,38,13,42,61,53,43
14700,466,417,402,322,353,277,276,717,666,206,96,94,209,690,98
14747,61,115,191,187,256,189,240
14783,44,6,58,9,66,63,70,167,140
14797,126,162,244,116,118,108
14848,24,8,51,670,296,747,517,140,183,158
14878,175,114,108,83,187,145,236,173
14882,38,27,65,81,58,87,90,121,140,183
14888,749,689,681,562,540,468,413,378,227,220,283,311
14890,24,92,122,114,90,108,125,110,120,133,127,183,158,155,153,173,182,189,191,192,252
14892,416,484,469,566,413,191,177,513,256,519,562,711,371,467,353,238,199
14893,256,276,122,252,167,244,155,143,115,296,448
14918,331,140,115,742,347,163
14920,153,146,108,95,75,65,58,389
14922,140,95,331,375,372,296,630
14927,223,122,147,73,472,87,102,126,96,91,98
14986,96,747,182,162,256,172
15055,253,252,167,170,159,251,219
15064,77,256,179,178,188,359,172,182,194
15065,244,162,118,573,194,140
15088,55,264,83,84,87,86,115
15114,16,72,106,114,133,132,140,230
15147,104,98,85,72,62,57,126,122,137,108,103,213,209
15150,744,685,404,471,241,119,269,44,560,472,162,83,417,379,331,140,266,108
15153,6,4,11,27,70,95,83,118,108,253
15161,140,240,153,147,331,238,223,206,186
15166,146,347,168,170,140,134
15167,579,87,86,84,83,90
15209,561,416,169,146,63,58,56,60
15227,183,394,347,742,158,140,375
15229,25,162,76,739,537,167,252,240,114
15232,400,365,331,187,178,182,185
15241,152,140,252,194,314,183,675
15243,155,471,356,292,253,252,240,167,87,223,140,81
15245,55,321,324,122,115,106,108,96
15263,739,503,498,40,223,165,345
15266,639,539,565,296,244,335,283,164
15267,153,114,266,146,331,140,127,121,115,214,111
15274,337,44,350,269,90,149,194,171,193,182,747,192
15303,90,63,28,25,146,153,192
15304,468,480,402,183,115,127,111
15346,96,167,149,170,173,182
15351,9,96,115,296,372,140,137,544
15355,58,92,110,638,321,151,146,164
15385,531,246,241,225,211,209,205,196,174
15399,544,90,111,297,101,88,71,506,139,98
15404,347,86,230,70,126,95,78,68,55,58,93,122,296,156,155,251,152,162,160,223,192,191,244
15409,244,101,342,320,142,51,296,322,365,276,110,98,137,349,690,382,236,184,178,200
15411,22,126,33,536,95,118,51,103,45,90,729
15428,268,102,136,118,276,171
15436,749,724,582,466,413,384,240,174,712,283
15444,61,46,76,41,126,45,403
15447,621,419,127,352,151,100
15478,178,744,517,375,331,574
15482,112,173,95,91,90,86,84,83,82,75,55,62,536,126
15495,331,36,26,34,8,14,12,7,126,72,133,610,70
15511,145,505,283,495,262,190,141,203,531,377,166,174
15523,124,119,118,505,729,283,130,126,122
15554,122,321,98,144,238,648
15569,458,96,114,108,136,118
15572,114,284,143,127,223,173,155,241,158,134,176,194,266
15580,544,39,192,30,32,120,98,45,91,390,75,115,116,638,321,137,142
15587,154,108,252,116,126,57
15590,268,118,121,127,115,114
15599,8,4,140,58,584,70,232,114,158,146,144,153
15603,4,6,158,375,347,264
15615,633,512,444,412,556,410,338,379,315,303,224
15617,718,131,446,189,153,148,596,281,315,303,158
15623,182,173,171,446,331,322,264
15625,204,191,167,153,146,140,139
15635,153,114,127,121,742,347,189,159
15651,27,375,95,98,192,96
15683,62,311,178,215,179,228
15734,172,244,166,199,666,206
15747,253,219,191,705,223,347,650,280,193,480
15757,466,277,267,264,148,187
15760,402,520,382,322,324,353,238,148
15767,65,48,56,115,296,626,223,118,143,406
15773,96,458,506,139,114,108
15794,148,674,722,689,681,673,666,613,540,378,365,277,140
15802,130,256,122,118,113,91
15810,182,570,168,159,222,152,331,206
15849,565,379,315,303,380,394,189,370,236,184,277
15878,525,487,463,428,416,410,394,330,281,224,220,223
15915,197,209,201,335,331,193
15919,551,304,276,196,170,118,112,83,96
15942,232,565,560,555,546,417,402,394,384,375,188,304,294,286,228,214,213,200,335,331,193,192
15950,324,322,690,490,349,423,610,466,520,402,215
15959,65,286,106,679,729,122,208,155,283,428,129,742,140,185,331,389,517,375,158,146,168
15986,23,25,28,38,52,55,126,58,57,569,114,223
16041,82,90,84,86,95,101,126,103,338,405,264,276,118,106,107,114,119,140,141,149,153,156,159,163,170,169,172,480,187
16057,717,206,666,322,324,277,139,126,115,122,111,110
16061,467,305,560,371,133,72
16077,133,455,393,276,406,219,131,148
16085,517,393,118,182,162,173
16135,244,161,182,173,264,170
16138,296,127,155,122,317,238,375
16182,12,3,6,9,10,303,89,276,95,375,151,149,296
16194,58,108,114,63,146,214
16218,146,108,127,155,171,544
16255,729,126,137,127,132,304,134,146,445,153,158,238,192
16266,24,25,21,19,20,16
16270,468,466,347,322,241,158,122,44
16283,122,638,148,153,126,119,413,322,108,349,267,276,163,155,118,257,786
16298,140,141,145,142,163,135,137
16306,19,47,83,92,195,134,102,116,76,584,67
16312,191,75,517,182,173,136,63,108,45,103,729,335,331,83
16324,246,241,158,525,404,303
16327,389,95,419,151,393,304,134,102,517,375,747
16369,25,114,63,67,96,95
16396,3,2,6,4,20,16,15,27,25,36,536,542,66,58,95,118,155,151,108,626,140,146,169,416
16397,385,158,143,633,114,108,189,626
16417,63,38,70,96,170,182
16481,2,3,9,573,194,365,266,216
16484,267,264,212,352,256,314,223
16485,38,85,58,182,141,131,116,102,94,236,220,215,174
16492,542,50,81,158,350,281,187,183,182
16514,140,67,183,111,114,153
16515,55,63,108,114,127,269
16555,134,137,183,187,523,375,417,394,158,347,206,167
16570,158,126,122,70,67,65,94
16590,503,68,30,25,26,56,277,52,62,60,66,63,84,83,94,196,166,158,303,410,504,164,292,165,304,168,256,194,206,182
16594,34,28,68,38,48,116,73,296,348,131,56,376,579,87,96,94,93,108,99,126,256,659,377,267,158,404,137,136,250,638,120,154,303,573,194,705,223,163,436,164,183,182
16619,48,411,467,496,704,365,347,277,267,264,115,729,162
16640,1,7,6,3,4,283,126,141,124
16655,403,537,45,98,137,349,126,148
16669,193,192,194,652,656,304
16684,87,579,111,112,103,126,98,162,178
16691,292,241,192,155,127,140
16695,108,112,223,122,121,115,127
16703,66,27,67,606,458,325,251,230,140,192
16709,70,118,0,525,20,6,21
16725,44,115,127,506,149,192
16742,471,372,349,264,240,194,121,455,393,118,219,163
16781,301,252,452,60,63,65
16803,126,94,122,137,163,213
16808,613,590,600,565,540,394,277
16818,63,60,58,87,113,94,222,219,170,174,194,300,314,223,183
16840,304,276,379,572,194,264,223,115,83,108
16842,102,56,189,53,100,67,291,214
16859,724,385,67,63,710,281,183,155,158,368,303,172,269,127,143,331,480,419
16884,140,112,194,153,417,381,215
16918,507,471,428,635,397,330,286,276,175,182
16931,260,75,413,349,98,145
16961,129,149,139,710,281,244,167,154,131,192,178,375,223,203,137,191
16994,116,68,41,27,126,467,72,62,67,584
17005,70,65,62,428,90,92,283,126
17009,44,28,21,27,25,102,94,70,584,67,240,251,350,345,206,163
17011,178,197,256,358,183,468,480
17055,73,70,58,140,43,38
17062,96,379,376,370,364,359,356,304,303,291,280,276,264,241,240,204,192,191,148,127,122,115,114,112,108,106,253,118,98
17083,446,251,155,159,223,146
17102,666,582,565,468,378,375,365,353,331,277,276,264,223,206
17108,466,365,162,152,158,384,277,239,224,218,214,204,203,192,182,168,555,335,206,173,200
17116,311,672,639,583,395,472,345,244,162,131,116,87,238
17126,56,189,66,172,312,689
17129,66,60,58,44,90,98,118,115,122,296,155,137,203,208,238,146
17130,502,177,143,155,452,264
17138,458,214,192,127,108,115
17168,446,400,375,596,347,322,189,192
17170,606,67,707,111,115,173
17175,70,394,276,122,65,66
17187,38,50,55,56,277,63
17200,63,66,115,90,187,182,192
17201,96,233,599,214,111,127,155,171,732,185,192,325
17204,374,213,282,208,163,137,46,122,103,252,47,45
17231,572,293,191,296,350,244,283
17255,162,118,133,219,331,747
17256,50,51,45,70,67,142,443,140,137,116,115,111,108,104,252,240,167,143,92,126,96
17259,118,119,355,338,314,349,364,264,194,182,177,171,170,162
17266,223,183,96,94,196,55,48,57,203,131,66,158,303,358,256,167,171
17267,140,127,174,165,304,335
17285,277,264,206,187,189,595,256,190
17288,118,95,25,296,371,115
17296,51,66,524,67,63,189,143,303,158
17362,55,51,57,52,69,584,116,103,95,93,85,79,104,98,137,278,167,142,163,182
17366,624,466,353,62,137,98
17367,466,163,159,353,267,173
17381,16,25,36,146,147,158,375,389,189,193,192,194,202
17389,4,15,6,2,44,542
17401,191,747,375,165,304,292,206,294,166,192,322,397,350
17402,294,705,448,171,195,193,662,631,300,452,379,223
17419,747,375,253,240,131,221,370,204,345,244
17420,16,25,146,83,65,81,92,135,155,157,177,153,194
17424,339,252,256,148,172,168,154,201,158,171
17442,183,480,591,596,168,164
17457,47,467,48,188,570,178,191
17468,727,639,526,173,146,140
17490,191,245,197,182,188,178,101,89,77
17498,25,191,54,301,222,188
17508,523,466,402,353,264,244
17514,704,349,212,203,324,452
17515,118,376,116,147,570,307,194,248,182
17533,19,3,6,5,4,42,48,536,51,46,45,65
17543,126,20,194,165,347,314
17547,10,162,102,76,83,70,95,86,113,126,122
17563,168,244,206,252,240,174
17568,724,680,673,735,610,542
17611,168,716,176,169,172,194,182,191,189,186,185,368,349,302,193
17613,95,146,63,65,70,126
17680,137,300,238,311,98,209,349,415,690
17710,90,65,569,126,99,119,115,108,146,137,153,256,192
17715,480,417,394,378,276,264,172
17716,82,109,84,83,86,260,126
17728,183,197,212,625,704,203,322,238
17729,30,441,23,24,52,28,31
17732,103,72,126,601,629,98,555,562,209,201
17741,115,127,296,565,573,149,182,215
17753,24,68,19,95,9,3,6,5,4
17754,167,65,95,612,92,126,106
17787,53,64,72,118,148,170,177,194,196,187,245,304,529
17832,44,92,296,108,240,331,375,747,389,167,140,448
17871,70,51,203,57,92,146,125,137,638
17878,194,187,185,177,172,182
17879,4,27,70,66,63,67,114,115,155,127,557,506,139,427,147,146,149
17885,321,137,133,213,148,212
17889,108,114,146,153,407,445
17912,242,227,171,125,88,71,56,375,747,11,48,411,7,6,5,205,186,311,244
17913,252,168,187,264,335,206,518,513,382,673,379,331,377,191,170
17969,167,536,60,46,44,252,49
17977,107,626,108,104,187,138,136,128,127,146,147,156,161,173,171,225,188,341,378,595,227,204
17986,570,174,246,166,163,141,130
18005,559,353,322,238,612,92
18027,223,214,204,202,196,192,182,187,191
18036,303,23,44,28,64,66,106,182
18037,127,155,705,149,506,557,171,544
18064,544,61,276,292,264,238,96
18086,44,214,599,146,96,63,66,62,45,55,458,121,127,240,403,149,192
18091,9,4,5,6,44,38,58,56,55,70,67,102,162,121,108,118,393,551,115,155,143,158,303,153,154,183,480,172,189
18094,153,146,244,214,197,179,573,194
18095,24,19,6,3,20,44,35,92,612,527,50,38,536,56,296
18099,352,44,350,343,65,62,45
18111,7,146,66,27,25,372,296,55,56,138,140,149,153,194,573
18129,172,747,292,240,403,639,312
18152,44,81,119,186,166,141
18155,520,241,158,650,152,153
18172,322,238,137,130,122,116,205,164,47,99,41
18217,480,416,591,375,140,314,244,152,574,330,347,128
18219,25,653,630,480,294,81
18243,83,84,94,122,118,126
18290,56,58,153,146,63,67,81,115,108,266,114
18318,140,86,83,107,182,192
18337,176,705,223,183,172,171,169
18357,296,153,146,176,716,127
18359,240,285,376,455,167,281,166,164,177
18364,87,162,155,416,480,458,561,194,223
18370,127,115,148,203,200,215
18385,115,155,3,4,6,27,63,215,214,599
18387,232,747,259,517,304,245,194
18404,583,252,289,162,480,416
18408,347,193,12,7,11,0,3,10,13
18423,565,525,20,2,6,19
18429,375,96,196,94,70,83,252,81
18444,167,102,70,158,161,183
18446,141,560,555,469,466,353
18458,537,471,356,292,296,145,240,253
18468,50,30,27,25,36,45,47,48,51,66,65,67,68,96,584,626,114,120,160,199,690,638,131,134,158,163,162,177,191,196
18472,155,55,114,108,146,224,172
18494,52,65,235,94,46,48,61,81,108,107,219,167,717,452,119,223,705,626,375,158,303,256,169,163,458,155,389,159,182,747,173,194,165,176
18511,10,4,6,155,183,96,139,83
18513,742,129,272,134,183,480,223
18555,303,158,146,136,718,131,183
18590,544,315,453,614,457,140,158,115
18594,55,63,114,146,668,153
18595,56,83,269,127,140,304,165
18636,82,77,72,119,141,148,629,377,177,174
18650,515,423,402,394,416,413,384,353,322,238,183,122,137,362,208,236
18655,21,11,6,4,3,111,110
18668,67,58,115,163,572,293,348,377,149,182,194,153,204,192
18670,131,467,48,122,321,137,236
18706,171,167,732,202,172,185
18708,199,306,238,520,140,146,223
18756,167,108,63,127,155,146
18765,21,16,410,404,158,149,170
18768,378,277,276,149,146,573
18769,55,44,60,63,146,140
18775,252,240,167,116,296,76,96,131,92,94
18784,524,67,121,115,193,171,173
18796,20,8,3,65,44,140,96,95
18804,55,108,114,266,149,153,173
18827,356,192,733,294,266,204,264
18867,51,70,87,223,122,96,162
18887,471,526,356,301,183,480,264,276,294,158,140
18893,140,83,102,195,87,81,97,185,100
18932,44,95,140,146,176,223,169
18941,122,137,520,238,264,349,353,322,324
18953,4,88,114,111,153,147,149,158,241,303
18957,92,82,112,415,296,119,382,468,375,130,998,115,111,283,183,312,168,163,206,182
18960,103,260,126,638,137,174,570,186,179,203
18966,747,182,162,161,152,153,245,194,165,331
18968,452,62,223,544,314,57,108
18979,45,62,53,95,466,523,322
19005,583,174,170,166,348,148,244,162,167,144,236,157,612,272,245,241,177,191,188,570,178,218,291,210,200,182,179
19024,66,131,115,296,348,371,122
19026,55,115,155,90,96,172,192
19053,172,127,638,445,146,668,153,244,199,157,236,182
19054,63,58,108,127,146,192
19073,378,182,517,304,276,187
19085,232,152,219,240,257,256,172
19086,13,4,10,70,445,146
19091,67,220,461,606,196,519,94
19143,25,95,166,85,89,92,103,82,83
19153,9,3,6,60,38,65,95,126,36,163
19155,126,122,147,177,163,198,201,186
19183,62,83,65,95,46,45
19209,523,390,385,368,366,342,320,239,322,192,179,122
19221,145,498,27,114,308,545,484,140,321
19226,444,349,98,90,114,182
19231,55,296,146,63,445,23,51
19290,105,277,153,143,721,158,379,315,219,147,573,149,187,183,206,199,602,585,165,264,176,248,211,232,194
19293,562,601,559,515,322,267,238,206
19324,364,347,141,236,145,219,328,244,191,197,193
19331,33,21,3,25,44,65,29,62,38,223,183
19348,167,153,135,362,137,141
19380,66,125,154,153,194,572,189,168
19389,66,385,724,665,276,264,601,201,191,187,375,517,90,116,77,350,96
19443,253,167,244,240,157,194,223
19445,304,162,146,331,140,153,134
19458,413,98,375,276,183,127
19465,379,314,639,539,296,322,267,364,181,174,170,148,145,331,137,140
19468,34,23,21,126,548,47,467,130,95,51,50,48,56,103,94,93,222
19469,193,280,173,347,738,276
19487,601,1,116,4,121,126,95,75
19491,203,57,612,92,137,133
19497,400,322,183,146,158,267,194
19517,72,467,92,65,75,64,119,122,137,362,116,126
19518,471,157,223,161,153,407,147,187,372,296,182
19531,704,629,377,303,296,453
19541,739,479,471,356,252,240,167
19549,44,140,65,458,96,201,158,95,127,183,347,189
19580,4,11,462,551,517,311,418,132,51,99,126,45,60,58,57,362,92,137,238,98,75,67,569,120,114,685,140,230,155,136,153,129,174,158,303,570,643,659,729,204,192,189,178,182,347,267,215
19586,482,377,272,118,167,278,238,163
19601,62,58,140,39,36,38,416,182,183,223
19607,458,96,158,149,162,183
19608,17,6,4,126,356,151,155,742,152
19621,377,300,191,182,193,178,65
19627,72,80,75,126,153,114,130,122,158,404,362,137,110,238
19629,139,194,573,100,159,155
19637,445,63,114,115,296,146
19650,22,69,78,83,131,146,149,160,183,199
19664,30,25,27,137,178,223,314,331,140
19678,520,624,466,353,322,277,276,267,238
19700,724,681,673,417,277,276
19719,20,55,375,96,90,88,86,111,127,155,142,168,164,194,182
19725,25,48,81,70,58,140,96,95,115
19726,606,67,63,114,108,146
19754,3,35,6,7,536,192,44,65,114,139,140,146,149,153,167,173,194,189
19759,331,165,163,375,222,169
19760,20,50,56,569,96,621,86,83,94,151,129,330,140,158,303,146,153,155,170
19775,7,11,6,4,13,25,95
19780,472,252,219,167,87,81,46,45
19786,142,112,108,107,129,127,206,182
19793,276,267,238,223,183,281,192,163,213,166,525,296,453
19805,95,115,127,146,158,161,185
19815,451,133,371,231,729,72,103,178,62
19828,283,96,122,235,94,84
19833,121,626,153,146,445,294,155
19838,455,393,118,171,732,355,202,245
19840,404,303,158,157,170,189,162,192
19844,51,91,45,120,117,148,171,178,190,188,200
19848,544,223,631,183,193,171
19864,717,518,513,379,170,173
19883,24,68,116,131,134,137,148,365,277,193,201,211,256
19886,16,27,245,304,529,219,153,122,114
19888,154,153,240,219,314,183
19919,95,25,155,55,108,63,96,146
19936,596,375,544,471,356,252,331,164,240
19970,236,413,349,264,238,145,146,704
20001,55,146,108,114,149,192
20015,7,16,277,56,117,539,544,172,127
20024,107,83,240,167,100,81
20026,206,695,345,324,244,168
20054,44,269,127,147,182,188,192
20067,445,146,25,95,46,143,118,266,108,256,194
20069,430,410,349,174,183,179,178,294
20077,137,115,96,29,296,55,530
20120,4,6,27,28,146,165,325
20126,300,291,264,304,276,347,331,218,244,178
20148,3,6,30,28,63,87,90,92,96,95,116,122,145,146,177
20150,83,240,114,108,146,142,186,156,154,198
20172,52,56,66,58,147,73
20174,747,517,375,529,164,296
20175,8,3,5,4,6,347,167,303,158,244
20187,62,560,238,520,81,223,555,63,65,57,122,70,140
20206,48,94,519,126,335,283
20208,682,107,441,376,244,491,104,122,626,118,182,173,136,285,125,140
20214,27,296,25,65,70,55,58,121,115,162,364
20222,81,87,84,90,83,127,131
20224,351,183,185,70,468,675
20267,136,446,452,453,641,493,140
20275,171,149,146,140,114,127
20276,55,114,445,63,605,557,192,171
20282,153,166,349,260,209,205,188,178,190
20291,20,536,37,69,58,56
20323,537,252,240,583,539,162
20326,303,276,264,256,220,168,63,60
20336,277,445,303,347,146,141,143
20348,45,35,27,522,65,48,50,56,131,155,158,675,143,134,183,376,525,296,153
20350,188,392,402,178,206,177,170
20381,394,157,544,567,724,748
20400,167,92,51,56,75,62
20425,86,140,68,38,51,67,84,300,107,118,252,219,126,729,170,146,160,199
20430,25,44,569,252,240,66,67,65
20449,146,149,153,223,183,161,164
20459,562,558,482,413,629,377,293,540,213,544
20463,468,402,183,121,115,114
20471,322,140,51,601,624,262,178,170,166,118,47
20487,95,118,126,129,143,146,170
20519,6,4,55,58,56,108,626
20532,379,122,565,296,536,56
20535,162,118,100,155,621,167,122,194,164
20536,103,83,84,67,58,55,44,542,48,45,378,519,94
20545,65,3,6,4,92,81
20549,148,276,92,94,364,281
20555,125,133,349,267,126,648,321,638
20590,45,126,92,70,331,183,140,350,256,222,182,192
20616,88,100,119,115,105,104,183,146
20631,596,375,453,251,230,121,115
20640,65,44,108,126,96,183,161,152
20658,147,23,91,62,122,57,211,82,267,638,126,548,133,141
20659,167,17,30,19,11,4
20680,471,432,356,252,240,210,244,480
20716,252,219,162,102,94,519,421,196,83
20719,143,126,141,140,137,182,172
20726,57,122,66,152,331,389
20734,749,562,466,322,324,94,122,196,704
20742,293,194,153,146,192,561
20753,6,4,7,19,13,14,15,303,25,146,27,28,45,63,66,67,127,73,71,96,84,83,97,90,80,82,81,105,582,518,108,114,140,158,135,189,153,320,162,175,185,193,218
20758,167,126,86,87,155,127,115
20762,231,178,170,119,98,209
20778,612,513,382,379,95,10
20784,83,107,146,153,296,565,705,194
20785,416,402,96,94,196,252,19,44,20,16,46,28,21
20798,36,44,594,111,114,173,194,573
20811,322,353,158,115,127,178,47,65
20822,522,15,7,13,352,621
20845,55,458,155,140,127,146
20846,162,389,166,335,165,158,375,303,154,472,170,277,748,480
20860,131,66,114,90,747,182
20861,114,573,194,149,721,158
20863,63,66,606,67,94,284,143,303,158,170,721,193,194
20868,9,6,4,25,20,35,66,75,82,253,131,155,626,183,223,116,296,130,160,154,172,189,281,283
20874,146,25,26,20,281,55,155,95,50,48,38,46,536
20878,20,296,118,285,412,295
20880,416,634,169,70,38,21,23,16,15
20883,127,111,253,240,167,139
20889,5,9,3,4,21,23,28,25,65,44,400,294,194,143
20891,276,238,183,244,162,98,92
20893,472,302,204,192,173,389,276,238
20899,458,96,121,155,149,183,194,192
20919,3,4,92,98,111,110,150
20924,712,413,384,321,322,122
20925,13,6,28,21,27,36,140,127,536,38,58,51,268,55,419,480,375,96,569,70,452,158,86,84,83,90,95,104,99,108,115,347,331,343,146,304,134,147,159,169,484,183,204,448
20933,23,38,45,126,638,130,132,137,144,202,183
20940,660,9,4,11,403,45,75,118,121,146,213,223
20970,416,96,140,127,115,172
20982,25,536,72,63,94,112,103,111,110,117,162,115,638,152,140,127,147,163,171,169,178,259
20992,455,276,194,266,245,304,742,347,183,480
21027,356,167,276,129,127,245,191,170
21037,127,122,115,55,38,98,96,281,321,116,137
21039,574,331,89,157,206,223,183,146
21045,62,58,63,60,266,114
21060,159,189,164,176,194,245,412
21072,334,320,309,241,231,570,178
21081,45,92,116,118,106,126,133,134,173,182,238,203
21094,304,296,291,276,253,245,240,224,214,212,192,191,206
21100,547,596,466,375,223,322,324,244,146
21120,148,555,353,170,574,331
21149,252,219,544,161,400,394,347,277,304,276,264
21161,95,167,143,201,158,108,304,134,182,220,198
21165,372,20,241,158,251,159
21166,78,584,199,98,103,92,93
21171,536,596,519,44,62,57,96,296,55,542,388,47,94,321,122,69
21173,690,562,559,480,446,423,353,347,331,322,276,264,183,158
21177,88,90,98,192,209,378,94,461
21221,544,5,11,4,3,65,27,9,10,21
21230,67,79,126,539,194,148,364,145,471,356,240,122,277,264,115,103,167,252
21240,690,98,406,143,141,178,148,162,166,210
21248,403,263,252,219,167,311,244,162,121,69,68
21268,544,198,357,236,197,293,194
21278,389,21,27,58,56,294,165,194,192
21296,44,90,315,143,406,182
21301,240,253,256,198,283,193,195
21322,96,372,296,115,293,149
21337,204,196,187,174,166,206,163
21360,55,40,27,140,536,49,46,58,548,72,67,96,621,87,223,111,596,281,571,376,153,114,127,638,351,183,314,583,155,129,705,686,551,513,252,167,331
21371,108,121,114,146,136,127,152,158,638,183,223
21401,127,100,114,155,192,245,194
21402,690,520,413,514,237,287,212,321
21411,424,325,294,291,276,214,140,127,121,155
21412,416,329,235,196,276,94,126
21427,51,666,606,67,155,115
21430,55,58,81,569,96,127,146,206,158,335,183,194,223,192
21442,27,51,48,52,94,126,638,128,168,178
21446,57,90,84,92,94,252,143,103,160,162,145,140,146,591,203,480
21456,7,8,36,57,126,75,133,230,347
21471,84,87,140,27,65,95,232,48,38
21473,276,570,358,519,256,187
21504,95,124,252,638,140,204,126
21508,65,113,118,146,166,155,153,149,713,165,194
21524,536,48,58,67,343,90,122,168,158,320,153,149,192,223,182
21530,70,130,118,115,158,149,183,182,179
21531,66,35,20,168,142,146,139,143
21546,624,601,245,570,177,148,82,495,335,262
21548,38,94,55,108,137,118,98,267,194,174,173,202,203
21590,686,529,409,276,194,215
21599,118,268,146,233,150,599,214
21605,537,578,257,252,68,25
21608,4,44,57,71,79,118
21645,610,133,118,79,260,231,103,92,91,62,57,58,729
21655,738,347,117,109,104,146
21663,468,416,394,238,122,115,96
21665,331,335,183,468,675,148
21674,192,136,127,484,468,400,183,294
21678,256,206,148,158,277,187,142,405
21682,57,62,95,65,58,122,121,127,157,192
21742,498,403,503,578,537,301,562,353,583,696,551,539,517,395,244,192,194,276,455,238
21749,67,269,161,446,251,155,147,167,171,202,223
21756,747,331,140,58,633,114
21757,103,145,276,148,236,228,157,183,201
21772,243,236,264,172,187,206
21773,140,95,107,118,146,163,331,335,252
21794,252,240,92,81,126,96,73,71
21800,55,50,63,343,106,153,119,167,587,320,134,182
21804,6,5,577,31,411,48,66,67,189,143,277,303,158,163,187
21826,192,98,163,182,370,204
21836,267,108,86,584,83,82,118,95
21877,16,5,189,172,168,48,51,67,66
21887,446,375,747,331,317,389,664,517
21889,63,114,118,268,304,150
21894,25,146,7,105,67,452,223,183
21910,743,673,468,264,167,121
21914,722,689,723,680,540,365,115
21918,252,81,65,286,350,183
21941,9,13,25,12,4,97,36,27,530,65,83,153,140,146,152,182
21947,240,116,244,328,350,472,153,131,292
21953,191,187,178,747,182,197,166,148,118,75
21958,55,445,63,146,140,127
21966,41,45,267,238,179,162,116,364,148,137,130,122,712,283
22020,392,190,191,188,98,75
22021,45,48,115,98,108,626,202,225,139,506,573,126,141,140,159,201,223,296
22023,614,525,444,294,223,187,115,67,66,60
22027,496,467,629,704,703,737,555
22039,276,232,172,127,131,264,136,137,324,322,353,331,347
22042,55,50,56,52,70,182,162,49,229
22045,170,108,195,118,140,291,156
22050,24,13,66,60,63,90,94,375,331,108,141,148,143,162,453
22067,536,38,51,626,127,152,146
22070,286,343,276,304,281,264,214,192,187
22073,290,250,182,63,16,44,352,60,445,52,49,55,155,536,51,58
22080,244,162,148,364,638,137
22083,131,118,100,126,331,158,146
22092,446,402,347,222,194,184
22113,68,67,266,108,133,238,137
22141,11,3,569,63,76,77,80,79,83,87,86,125,127,131,145,146,151,153,175,171,170,176,192,196,195
22172,4,25,103,45,62,107,83,584,95,98,170,101,121,572,135,140,194,153,163,224,182,173,238,206,480,183
22213,174,141,371,133,127,140,130
22215,25,83,115,108,626,143,158,170,194,165
22216,108,266,296,115,162,182
22249,449,355,153,128,140,127,111,108,114
22261,314,143,155,283,146,142
22312,25,178,28,66,27,114,108
22313,220,214,215,206,202,629
22317,471,335,625,560,555,103,100,126,729
22350,462,381,215,202,187,177
22352,612,382,335,283,200,349,197
22368,638,126,548,371,103,93
22372,22,24,126,18,6,97,13,303
22389,183,206,192,173,171,168
22404,157,155,143,139,185,140,132
22425,7,4,8,13,277,56,230
22434,555,466,353,322,238,122
22450,544,96,159,153,146,191,471,356,340,252,240,203,747,375
22476,9,6,5,4,66,70
22484,115,104,492,137,131,134,146,385,158,167,170,747,182,173,165,175
22497,72,467,92,126,276,238,88,94,90
22506,742,152,155,183,140,129,153
22520,6,13,45,70,26,118,95,416
22533,33,21,277,56,227,284
22535,304,303,288,220,223,214,187,123,66,58,51
22563,43,53,41,119,118,141,145,348,148,181
22580,6,16,58,60,67,83,95,189,143,140
22600,175,165,159,541,507,479,492,491,428,410,374,355,325,288,264,241,230,223
22611,356,240,167,155,127,115
22638,124,353,148,270,174,166
22656,253,240,292,155,458,143,277
22661,122,729,116,126,296,108,103
22663,252,253,240,95,70,94,75
22675,101,87,71,62,92,76,53,52
22699,35,573,32,38,44,45,102,94,569,116,240,253,244,153,183,194
22708,20,381,61,56,277,143
22723,351,291,266,236,173,146,171
22725,58,115,114,468,480,416,347,742
22727,724,582,546,540,353,276
22768,524,606,206,183,164,174,194,171
22769,394,329,196,322,297,197,178,172,629
22773,55,155,115,121,108,127
22782,536,53,66,58,80,100,96,90,115,114,127,155,159,163,161,253,252,240,183,182,191,206
22809,3,6,530,58,95,126,140,331,155,158,141,146,183,480,209
22814,118,114,165,157,331,389,153
22821,155,127,115,96,25,55,66
22825,155,626,266,252,240,108
22827,215,223,267,238,466,520,416,394,115,155,121
22846,150,144,136,110,108,91,133,83,176,139,331,105,140,128,156,153,152,158,187,260,184,175,173,172,171,169,164,163
22852,172,127,732,171,381,215
22909,315,189,143,66,710,281,158,276,480,524,206
22910,98,82,75,124,199,174
22921,51,50,284,143,56,63,66,52,158,96,114,182
22927,452,446,251,155,100,56
22948,192,98,102,97,187,668,185,570,194,183,182
22952,34,38,584,88,163,114,626,118,126,570,189,187
22972,60,38,51,96,114,126,202,200
22979,739,537,526,498,471,356,340,253,252,240,167,278,83
22982,76,98,92,638,612,382,151,137,157,253
23001,253,244,145,314,130,126
23007,154,135,163,149,353,256,142,145
23012,137,98,349,472,210,166
23017,57,58,82,90,122,115,140,146,153,182
23045,27,134,108,523,87,153,114,747,517,375
23053,45,25,98,349,209,97,140,83,146,169,185
23062,18,6,122,116,45,120,145,155,130,126,153
23067,44,25,27,58,81,55,155,176,296,153,165,168,331,171,182
23073,5,21,25,16,747,147,206,304,134,285
23079,625,624,381,377,190,170,174,166
23096,36,389,331,115,296,146,158,149,144,251,159,153,320
23097,66,127,170,153,202,194
23108,449,128,141,183,181,335
23127,25,26,36,61,76,77,92,141,155,176,175,173
23128,371,62,47,81,729,126,35,32
23133,21,522,81,28,32,48,152,129,347,142,146,169
23155,48,55,45,71,96,73,83
23162,7,65,44,50,58,96,122,114,111,139,140,134,445,146,343,331,153
23193,70,66,189,56,58,57
23198,379,347,100,214,111,472,223,108,140,115
23213,6,584,71,209,98,104,137,146,147,164,663,376,179,224,168,214,204
23220,6,4,16,15,171,182
23236,238,267,364,377,225,201,248,535,321,648
23247,56,424,196,187,182,181,177,173,329,204
23249,55,155,159,114,63,146,668
23250,181,191,198,513,591,480,238,264,164,171,183
23270,82,300,551,304,369,246,245,201,191
23281,468,446,423,324,127,638
23295,6,3,2,16,124,82,348,260,163,103,98,85
23318,187,188,183,192,203,196
23319,262,187,178,148,98,548,206,85,82,75,72,53,542
23335,240,252,83,69,86,95
23337,322,122,244,349,163,562,558,324
23344,123,143,315,406,102,105
23348,25,32,50,45,62,58,96,103,114,115,638,146,153,152,177,192
23349,98,690,140,127,172,187,148,145
23375,292,472,153,194,58,517,747,350,55,44,65
23388,45,96,55,712,690,98,57
23392,140,480,183,748,582,416,402,264
23395,155,153,55,44,536,389
23425,126,53,61,64,47,63,38
23437,73,147,376,62,416,394,384,353,322,267,264,223,183,122,121,115,96
23445,63,38,44,86,296,115,146,153,320,328,244,294,165,173,175,192,650,193,194
23449,96,596,571,637,281,244,146,565,416,214
23466,83,173,108,126,118,91,107,252,244,162,289,116
23485,480,294,127,115,121,114,397,343
23501,253,240,122,137,116,81,82
23511,252,83,68,379,51,65,44
23540,96,100,621,223,127,182
23545,5,3,4,7,11,21,52,28,252,27,25,158,626,605,121,115,183,331,146,127,269,350,343,286,155,125,375,419,389,173,189,232,397,182,352,621,294,347,650,214,203,196,194
23557,66,182,472,277,143,115,122,296,445,146
23558,321,122,196,94,70,223,183,60,67
23566,6,7,27,56,92,206,168
23574,94,88,67,66,291,281,256,220,214,204,187,182,181,172,168
23581,266,108,162,153,147,140,118,170
23583,691,653,448,630,705,139,167,296
23588,555,353,183,335,244,152,283,135,137
23624,331,343,397,347,738,276
23625,6,27,45,57,58,584,140,311,322,328,223,240
23640,445,63,397,621,96,114,266
23654,452,27,25,36,331,102,292,92,44,45,140,155,146
23680,304,182,153,158,445,146
23722,16,21,20,445,146,63,407,153,119
23742,108,115,296,146,445,182,162
23744,98,381,241,215,178,570,188
23835,186,347,468,417,416,331,264,194,182,192,178,173,170,294
23838,108,114,214,185,171,192
23839,82,893,84,83,115,127
23845,27,182,343,350,331,747,168
23860,371,137,98,469,560,444,413,402
23870,582,146,114,565,296,115
23873,126,87,148,178,182,166,240,146,158
23882,556,478,143,241,366,315,368,430,303
23915,108,63,58,513,121,96,480,347,223,127,155,115,416,561,637
23920,104,148,126,130,140,174
23924,296,452,466,402,347,322,267,264
23930,27,131,66,71,96,100,114
23982,83,10,9,6,3,20,16
23984,115,296,691,630,565,114
23994,70,16,522,65,27,25,544,445,60,66,536,58,244,264,561,416,634,169
24003,46,51,48,140,304,134,163
24014,140,183,513,245,202,146,445,153,638,264,331,347,742,152
24035,264,267,115,96,376,517,472
24039,132,527,244,324,145,311,222,252,162,141,335
24043,376,147,153,592,164,244,301
24052,584,71,289,162,131,72
24059,51,172,173,747,182,194
24060,11,4,10,127,96,16
24069,42,38,73,87,145,181
24101,351,331,656,652,304,214,200
24116,27,7,44,10,4,149,194
24129,50,55,565,525,372,296,95,38,167,87,81,65,161,183,675,686,206,223,331,165,350
24131,673,636,429,106,167,118,491,401,492,393,149,173,350,114,228,213,200,194
24139,335,34,82,79,546,103,130,390,670,51,362,57,53,85,75,98,690,349
24144,167,253,101,92,96,94
24165,364,347,389,747,331,244,179
24232,697,286,350,269,397,343,168
24254,229,30,276,293,194,573,155,126,167,183
24258,335,506,139,162,148,638,131,367,128,644,311,289
24279,48,40,699,747,821,58,90,65,63,350,343,304,276,86,75,66,524,67,621,96,74,129,565,600,331,347
24309,27,55,296,146,173,182
24314,462,238,230,276,211,205
24332,277,227,46,36,354,153
24333,114,94,96,321,122,206,365,402,394,527
24339,542,67,82,75,141,629
24344,153,178,179,570,265,197
24346,82,37,75,124,162,559,238,113
24359,86,591,484,480,351,244,178,179,570,183,182,194
24361,194,153,114,115,155,127
24376,362,137,127,122,94,283,67
24423,22,19,8,3,2,4,536,252,542
24448,65,35,23,25,45,68,46,44,48,58,57,67,138,80,82,101,98,375,621,96,111,100,280,193,112,219,114,126,127,187,178,574,152,172,189,192
24466,4,551,517,466,158,64
24481,86,61,46,170,513,146,394,196
24490,44,244,155,153,158,183,222,182
24494,6,4,7,522,66,347,293,163,94,220,67,606,83,86,107
24509,63,81,79,94,93,103,126,131,141,130,140
24512,16,27,66,95,77,102,131,118,114,127
24553,139,194,573,248,572,167
24557,319,294,224,220,215,196,182,187
24570,167,544,705,155,223,183
24621,29,27,32,120,41,87,36,390,75,340,301,278,257,91,98,160,201,188,181,570,178,183
24643,17,6,58,27,9,4,134,350,173,264,389,349,171
24652,416,331,223,183,193,171
24653,115,121,127,605,139,214,183,194,544,223
24664,158,149,159,375,194,182,200
24693,220,213,192,182,179,375,253,219,294,256,194,353,277,264,283
24705,666,314,61,53,140,122,115
24706,191,96,118,551,304,276,127,145
24742,181,225,517,149,307,349,267
24744,250,220,192,187,743,694,656,636,606,441,256,224
24761,121,97,143,158,183,139,129,132,559,340,468,675,223
24784,96,94,95,105,666,162,626,115,108,314,127,638,125,253,281,183,158,140
24801,276,223,269,127,122,155,146
24820,4,38,62,95,118,104,114,140,146,219,183,194,182
24827,379,428,90,88,621,84,96,155,272,240,188,187,170,206,705,166
24833,638,98,137,209,103,162,314
24855,216,234,514,99,46,67
24865,5,66,48,24,9,660,6
24870,47,34,18,283,314,126,163
24876,269,416,96,118,136,144
24895,264,153,182,347,212,375
24905,115,99,98,192,145,155,133
24910,257,240,87,8,65,44,13,296
24960,6,20,14,536,65,62,96,621,114,115,347,650,127,351,281,149,153,158,152,163
24981,690,98,349,90,230,140
24985,58,240,244,119,114,252
25001,10,1047,53,8,970,283,397,350,65,471,84,83
25002,233,146,280,264,220,223,165,158
25003,65,151,419,375,448,653,108,331,747
25009,238,729,469,122,137,364,167,126,121,115,108,375,347,296,230,225,222,191,192
25087,44,55,50,51,149,146,194
25098,66,48,5,122,303,689,582,244,143,139,158
25107,155,347,223,183,468,152
25128,372,296,55,95,114,146
25153,536,155,105,115,106,149,183,325,197
25166,116,35,1,9,127,2,6,4,5
25171,62,126,238,559,402,162,289
25179,544,92,155,127,115,121,167
25186,296,348,155,55,153,58,271,59,66,96
25187,13,32,95,83,98,183,140,173,182,192
25194,284,143,527,92,96,73
25209,712,690,562,559,466,238,122,94,181,162
25223,361,299,466,673,248,379,203,362,252,57
25229,38,50,45,46,60,68,98,183,140,141,155,178,182,165,194,350,171
25272,137,127,121,118,322,720,551,304,331,277,276,321,122,128,115,202
25326,19,38,230,196,94,579,87,67,219,145,168,223
25334,87,542,50,46,122,321,127,148,157,146,142,144,171
25336,1,601,148,127,638,137,126
25341,498,471,167,331,95,10
25346,375,574,347,236,197,204,206
25351,296,55,468,183,67,63
25357,311,244,131,155,139,183,484,127
25362,98,76,62,63,60,57,542,51,66
25379,110,246,113,126,137,188
25381,167,68,300,107,145,87
25382,277,322,122,155,118,159,251,446,183,331,244
25383,13,4,27,127,115,155,114,153,192
25398,35,34,27,107,155,127,173,223,219
25406,215,61,126,116,381,58,57,362,629,205
25417,3,240,58,102,153,223,188,194,335,183,182
25443,375,448,151,467,72,548,83,84
25480,153,25,27,45,513,86,252,107,84,462,205,204,230
25505,681,666,276,277,55,51,40
25511,55,268,115,121,127,146,660
25523,65,20,3,6,127,536,92
25533,75,74,226,145,733,695,482,472,244,131,116,125,109,108,137,98,73,201,191,187,166,690,590,565,639,559,555,523,469,466,189,153
25540,252,244,118,638,162,148,145,140
25574,109,91,237,520,238,45,103,548,164
25576,321,638,163,153,158,545,324,371,546,159,251,160,224,475,187,221
25577,375,331,276,264,223,183,480,484
25586,77,82,183,390,523,148,120,122,119,324,124,114,116,121,340,153
25592,240,281,244,119,155,126,115,122
25605,548,133,124,103,75,62,729,126
25625,252,115,296,183,126,127
25640,51,52,78,160,282,547,540,58
25641,34,29,72,57,92,157,240,167,638,455,276,244,137,135
25665,292,118,106,95,90,83,67,223,140,182,303,158,146
25666,91,45,587,575,535,520,498,492,477,423,402,387,329,324,311,305,301,252,248,246,322,236,223,213,205,191,155,120,103,62
25684,220,204,728,666,480,446
25698,6,27,3,127,115,155,11
25701,236,203,416,484,423,375
25726,108,707,111,167,128,181,182
25735,51,4,8,52,28,3,6,5,44,36,39,38
25769,278,526,167,467,414,690,638
25790,122,130,137,362,629,321,55
25799,118,122,121,108,626,223,244,131,126,158,127,638
25803,292,118,89,77,252,347,296,167,96,230,95,86
25817,50,722,689,547,394,365,66
25871,25,168,127,192,480,591,561,223,214,599
25943,458,145,148,453,296,183,127
25973,606,594,513,492,338,288,264,173
25980,728,721,666,600,546,353
25984,324,294,197,520,238,322
25985,65,44,7,13,12,38,530,69,45,95,92,122,108,140,134,137,146,175,170,165,176,168,164,182,314,202,194
25989,63,108,211,201,158,137,127,111,133,118,182
25992,13,10,6,3,19,21,522,30,37,51,49,60,569,67,82,75,85,104,103,296,116,114,124,638,729,126,136,133,137,146,149,162,167,182,570,191
25997,63,67,83,70,66,97,139,197,268,245,200,331
26016,120,118,121,124,126,638,123,235,183,407
26029,88,266,108,404,158,173
26057,173,170,169,168,165,194,222,259,480,183
26060,591,458,155,621,506,149,183
26078,286,65,343,350,66,58,153,296
26085,634,70,96,118,95,86
26086,21,20,389,747,36,147,173,172,181
26092,530,25,27,115,122,140,127,182
26108,253,252,240,161,155,183,480,484,591,153
26118,95,10,4,16,25,20
26119,427,355,338,293,146,118,66,294,140,58
26134,32,63,62,139,108,114,638,321,151,127,185
26147,219,167,410,404,314,129,130,638,126
26159,162,167,108,94,96,90,77
26171,600,324,50,666,524,606,67
26174,542,50,560,353,51,122,69,131,47,48,52,72,467,548,66
26193,21,16,20,44,27,25,87,52,183,63,55,428,90,167,81,96
26200,159,127,59,58,293,139
26216,666,717,206,362,137,127,129,130,125,132,126,141
26220,13,87,579,726,65,58,493
26226,3,2,69,44,337,345,397,635,530,65,269
26228,94,66,160,125,148,141,165,331
26248,506,471,82,167,240,139
26257,192,98,137,444,413,349,209,690,90
26259,121,140,452,58,55,52
26261,264,183,194,60,350,114,63,536
26264,240,446,114,732,171,192
26267,24,68,102,162,161,167,191
26273,238,137,122,338,303,158
26315,427,139,572,573,194,53,542
26319,90,71,114,146,276,518,256,253,252,366,716,201,570,178,225,215,381,389,675,183,149,204,696
26325,116,103,98,91,82,126
26357,55,63,111,121,115,155
26364,94,606,365,170,158,140,375,204,146
26371,747,717,513,382,379,331,314,179,196,191,190,187,178,177,170,166
26375,55,557,506,149,192,223
26389,524,606,67,445,146,140,206
26395,168,146,58,44,31,256,220,214,204,187,108,96,88,83,71,66,131,70,56
26416,62,102,147,137,135,134
26438,705,155,55,83,84,86,81,176,167,153,146
26481,68,100,65,66,55,58,56
26492,114,266,410,303,280,194,215
26495,544,139,565,183,351,637,571,127
26515,51,21,39,25,46,27,296,294,544,453,182,183,192
26524,83,528,498,629,482,472,87,82
26561,262,383,392,461,188,187,174,166,148,141
26566,55,747,182,296,293,291,276,264,241,218,205,188
26592,7,25,38,536,50,58,130,127,182
26597,28,44,51,48,52,66,55,58,57,412,73,617,626,155,111,118,132,137,145,168,164,223,614,472,179,185,192
26606,735,671,655,606,247,178,215,209,245,202,187
26638,441,285,635,397,286,345,242,214,204,202,192
26653,656,507,95,118,137,136,106,149
26685,47,103,148,118,174,201
26687,19,24,13,219,56,75,79,147,148,145,182,257,570,192,194,193,303,190,187
26689,10,96,38,70,375,115,122,127,140,183,223
26697,101,224,173,107,531,99,112,272,118
26700,25,27,58,104,126,159,171
26713,90,108,114,350,269,127,185,140,147,149,194,153,182,173
26744,61,115,106,178,137,131,146
26747,4,219,52,143,240,314,126,103,244,162,141
26763,83,54,53,43,206,283,36,95
26776,349,302,218,215,214,202,206,347,480,375
26778,27,14,7,6,5,4,81,125,264,238,115,121,173,192
26786,49,458,155,55,100,137,127,121,81,70,185,634,57,95,58
26817,739,471,146,544,559,238,81
26826,137,238,322,140,146,155,183,168
26830,185,182,169,206,210,204,203
26864,72,126,156,151,115,98,167
26867,63,67,108,149,194,173
26871,68,76,92,83,150,348,148,283,384,197,178,252,377,322,238
26879,44,331,343,350,397,143,158,170,121,252
26887,402,400,394,241,158,102,48,50,65,343
26903,322,353,496,562,148,451,348,141,126
26919,393,276,523,132,92,187
26937,281,115,114,484,152,140,172,224,183
26941,361,192,482,383,364,215,202,256,335,223,238
26944,4,6,27,25,48,50,189,66,81,96,104,114,115,135
26945,25,167,612,92,90,153,149,436,164,186
26954,127,638,120,125,244,141,257,162,283,403,179,188
26993,397,350,90,121,115,192
27000,47,57,124,75,466,267,141
27002,44,352,621,132,527,183,675,198
27022,44,65,22,126,28,25,86,331,389,638,240,140,182
27071,8,4,15,16,108,122,153,156,152,397,172,169,189
27072,126,143,749,612,324,238,122
27087,11,3,115,183,96,140,122,111,158,153,314,749,416,413,375,347
27093,378,277,206,140,121,115,70,96,51,48
27154,189,56,137,115,277,143
27174,164,161,153,146,192,171,471,356,167
27189,18,24,23,45,54,67,72,584,71,78,81,196,94,100,93
27220,115,296,544,372,194,149
27234,503,403,45,103,116,638,120,166
27238,6,58,81,63,98,118,638,252
27255,219,62,25,27,66,126
27262,170,171,182,262,181,192,189,183,184,191,187,197
27265,62,22,122,116,7,64,41,19
27281,114,379,203,137,115,122,251,155
27285,214,175,168,146,118,115,63,66,58,68
27310,492,304,67,58,56,296,115
27324,22,25,40,81,45,536,78,67,82,72,584,141
27338,53,453,58,350,286,397,343,95
27342,356,188,204,182,200,517
27371,68,64,62,612,92,95,66,140,127
27375,567,544,196,573,194,266,256
27389,282,93,146,162,147,223,570
27417,127,114,301,155,147,183,182,187,185
27440,4,27,25,90,331,140
27445,121,116,115,194,302,276,223,202
27447,0,9,14,12,11,7,3,6,4,10,8,25,21,27,39,53,58,60,569,407,67,75,82,83,81,89,86,331,84,112,107,626,153,222
27485,305,238,174,178,126,638,162
27536,127,111,672,591,480,394,555,322,238
27538,364,281,359,188,256,277,276,238,520,206
27542,276,347,238,559,349,264
27545,584,58,56,55,146,153
27549,264,223,183,121,115,296,96,127,92,81,151,375,596,70,169,79
